sample_id,read_files_downsampled,number_of_read_files_downsampled,total_coverage_downsampled,number_of_cores_per_task_downsampled,mapper_preset,kmer_size,read_files,number_of_read_files,total_coverage,coverage,number_of_cores_per_task,sequencing_chemistry,hmm_flagger_window_size,hmm_flagger_alpha_tsv
GM18522,"['s3://human-pangenomics/working/HPRC/NA18522/raw_data/nanopore/guppy_6/05_17_22_R941_GM18522_2_Guppy_6.5.7_450bps_modbases_5mc_cg_sup_prom_pass.bam', 's3://human-pangenomics/working/HPRC/NA18522/raw_data/nanopore/guppy_6/05_17_22_R941_GM18522_1_Guppy_6.5.7_450bps_modbases_5mc_cg_sup_prom_pass.bam', 's3://human-pangenomics/working/HPRC/NA18522/raw_data/nanopore/guppy_6/05_17_22_R941_GM18522_3_Guppy_6.5.7_450bps_modbases_5mc_cg_sup_prom_pass.bam']",3,69.01,21,map-ont,15,"['s3://human-pangenomics/working/HPRC/NA18522/raw_data/nanopore/guppy_6/05_17_22_R941_GM18522_1_Guppy_6.5.7_450bps_modbases_5mc_cg_sup_prom_pass.bam', 's3://human-pangenomics/working/HPRC/NA18522/raw_data/nanopore/guppy_6/05_17_22_R941_GM18522_2_Guppy_6.5.7_450bps_modbases_5mc_cg_sup_prom_pass.bam', 's3://human-pangenomics/working/HPRC/NA18522/raw_data/nanopore/guppy_6/05_17_22_R941_GM18522_3_Guppy_6.5.7_450bps_modbases_5mc_cg_sup_prom_pass.bam']",3,69.01,"[23.22, 29.67, 16.12]",21,R941,16000,https://raw.githubusercontent.com/mobinasri/flagger/refs/heads/main/misc/alpha_tsv/ONT_R941_Guppy6.3.7/alpha_optimum_trunc_exp_gaussian_w_16000_n_50.ONT_R941_Guppy6.3.7_DEC_2024.v1.1.0.tsv
GM18570,"['s3://human-pangenomics/working/HPRC/NA18570/raw_data/nanopore/guppy_6/08_10_22_R941_GM18570_2_Guppy_6.5.7_450bps_modbases_5mc_cg_sup_prom_pass.bam', 's3://human-pangenomics/working/HPRC/NA18570/raw_data/nanopore/guppy_6/08_10_22_R941_GM18570_1_Guppy_6.5.7_450bps_modbases_5mc_cg_sup_prom_pass.bam', 's3://human-pangenomics/working/HPRC/NA18570/raw_data/nanopore/guppy_6/08_10_22_R941_GM18570_3_Guppy_6.5.7_450bps_modbases_5mc_cg_sup_prom_pass.bam']",3,66.22,21,map-ont,15,"['s3://human-pangenomics/working/HPRC/NA18570/raw_data/nanopore/guppy_6/08_10_22_R941_GM18570_1_Guppy_6.5.7_450bps_modbases_5mc_cg_sup_prom_pass.bam', 's3://human-pangenomics/working/HPRC/NA18570/raw_data/nanopore/guppy_6/08_10_22_R941_GM18570_2_Guppy_6.5.7_450bps_modbases_5mc_cg_sup_prom_pass.bam', 's3://human-pangenomics/working/HPRC/NA18570/raw_data/nanopore/guppy_6/08_10_22_R941_GM18570_3_Guppy_6.5.7_450bps_modbases_5mc_cg_sup_prom_pass.bam']",3,66.22,"[23.54, 23.88, 18.8]",21,R941,16000,https://raw.githubusercontent.com/mobinasri/flagger/refs/heads/main/misc/alpha_tsv/ONT_R941_Guppy6.3.7/alpha_optimum_trunc_exp_gaussian_w_16000_n_50.ONT_R941_Guppy6.3.7_DEC_2024.v1.1.0.tsv
GM18612,"['s3://human-pangenomics/working/HPRC/NA18612/raw_data/nanopore/guppy_6/06_28_22_R941_GM18612_3_Guppy_6.5.7_450bps_modbases_5mc_cg_sup_prom_pass.bam', 's3://human-pangenomics/working/HPRC/NA18612/raw_data/nanopore/guppy_6/06_28_22_R941_GM18612_1_Guppy_6.5.7_450bps_modbases_5mc_cg_sup_prom_pass.bam', 's3://human-pangenomics/working/HPRC/NA18612/raw_data/nanopore/guppy_6/06_28_22_R941_GM18612_2_Guppy_6.5.7_450bps_modbases_5mc_cg_sup_prom_pass.bam']",3,72.34,21,map-ont,15,"['s3://human-pangenomics/working/HPRC/NA18612/raw_data/nanopore/guppy_6/06_28_22_R941_GM18612_1_Guppy_6.5.7_450bps_modbases_5mc_cg_sup_prom_pass.bam', 's3://human-pangenomics/working/HPRC/NA18612/raw_data/nanopore/guppy_6/06_28_22_R941_GM18612_2_Guppy_6.5.7_450bps_modbases_5mc_cg_sup_prom_pass.bam', 's3://human-pangenomics/working/HPRC/NA18612/raw_data/nanopore/guppy_6/06_28_22_R941_GM18612_3_Guppy_6.5.7_450bps_modbases_5mc_cg_sup_prom_pass.bam']",3,72.34,"[24.45, 19.88, 28.01]",21,R941,16000,https://raw.githubusercontent.com/mobinasri/flagger/refs/heads/main/misc/alpha_tsv/ONT_R941_Guppy6.3.7/alpha_optimum_trunc_exp_gaussian_w_16000_n_50.ONT_R941_Guppy6.3.7_DEC_2024.v1.1.0.tsv
GM18747,"['s3://human-pangenomics/working/HPRC/NA18747/raw_data/nanopore/guppy_6/06_28_22_R941_GM18747_3_Guppy_6.5.7_450bps_modbases_5mc_cg_sup_prom_pass.bam', 's3://human-pangenomics/working/HPRC/NA18747/raw_data/nanopore/guppy_6/06_28_22_R941_GM18747_1_Guppy_6.5.7_450bps_modbases_5mc_cg_sup_prom_pass.bam', 's3://human-pangenomics/working/HPRC/NA18747/raw_data/nanopore/guppy_6/06_28_22_R941_GM18747_2_Guppy_6.5.7_450bps_modbases_5mc_cg_sup_prom_pass.bam']",3,75.12,21,map-ont,15,"['s3://human-pangenomics/working/HPRC/NA18747/raw_data/nanopore/guppy_6/06_28_22_R941_GM18747_2_Guppy_6.5.7_450bps_modbases_5mc_cg_sup_prom_pass.bam', 's3://human-pangenomics/working/HPRC/NA18747/raw_data/nanopore/guppy_6/06_28_22_R941_GM18747_3_Guppy_6.5.7_450bps_modbases_5mc_cg_sup_prom_pass.bam', 's3://human-pangenomics/working/HPRC/NA18747/raw_data/nanopore/guppy_6/06_28_22_R941_GM18747_1_Guppy_6.5.7_450bps_modbases_5mc_cg_sup_prom_pass.bam']",3,75.12,"[24.51, 26.08, 24.53]",21,R941,16000,https://raw.githubusercontent.com/mobinasri/flagger/refs/heads/main/misc/alpha_tsv/ONT_R941_Guppy6.3.7/alpha_optimum_trunc_exp_gaussian_w_16000_n_50.ONT_R941_Guppy6.3.7_DEC_2024.v1.1.0.tsv
GM18971,"['s3://human-pangenomics/working/HPRC/NA18971/raw_data/nanopore/guppy_6/06_28_22_R941_GM18971_2_Guppy_6.5.7_450bps_modbases_5mc_cg_sup_prom_pass.bam', 's3://human-pangenomics/working/HPRC/NA18971/raw_data/nanopore/guppy_6/06_28_22_R941_GM18971_3_Guppy_6.5.7_450bps_modbases_5mc_cg_sup_prom_pass.bam', 's3://human-pangenomics/working/HPRC/NA18971/raw_data/nanopore/guppy_6/06_28_22_R941_GM18971_1_Guppy_6.5.7_450bps_modbases_5mc_cg_sup_prom_pass.bam']",3,79.88,21,map-ont,15,"['s3://human-pangenomics/working/HPRC/NA18971/raw_data/nanopore/guppy_6/06_28_22_R941_GM18971_1_Guppy_6.5.7_450bps_modbases_5mc_cg_sup_prom_pass.bam', 's3://human-pangenomics/working/HPRC/NA18971/raw_data/nanopore/guppy_6/06_28_22_R941_GM18971_2_Guppy_6.5.7_450bps_modbases_5mc_cg_sup_prom_pass.bam', 's3://human-pangenomics/working/HPRC/NA18971/raw_data/nanopore/guppy_6/06_28_22_R941_GM18971_3_Guppy_6.5.7_450bps_modbases_5mc_cg_sup_prom_pass.bam']",3,79.88,"[24.8, 28.49, 26.59]",21,R941,16000,https://raw.githubusercontent.com/mobinasri/flagger/refs/heads/main/misc/alpha_tsv/ONT_R941_Guppy6.3.7/alpha_optimum_trunc_exp_gaussian_w_16000_n_50.ONT_R941_Guppy6.3.7_DEC_2024.v1.1.0.tsv
GM18983,"['s3://human-pangenomics/working/HPRC/NA18983/raw_data/nanopore/guppy_6/06_28_22_R941_GM18983_3_Guppy_6.5.7_450bps_modbases_5mc_cg_sup_prom_pass.bam', 's3://human-pangenomics/working/HPRC/NA18983/raw_data/nanopore/guppy_6/06_28_22_R941_GM18983_2_Guppy_6.5.7_450bps_modbases_5mc_cg_sup_prom_pass.bam', 's3://human-pangenomics/working/HPRC/NA18983/raw_data/nanopore/guppy_6/06_28_22_R941_GM18983_1_Guppy_6.5.7_450bps_modbases_5mc_cg_sup_prom_pass.bam']",3,68.1,21,map-ont,15,"['s3://human-pangenomics/working/HPRC/NA18983/raw_data/nanopore/guppy_6/06_28_22_R941_GM18983_1_Guppy_6.5.7_450bps_modbases_5mc_cg_sup_prom_pass.bam', 's3://human-pangenomics/working/HPRC/NA18983/raw_data/nanopore/guppy_6/06_28_22_R941_GM18983_2_Guppy_6.5.7_450bps_modbases_5mc_cg_sup_prom_pass.bam', 's3://human-pangenomics/working/HPRC/NA18983/raw_data/nanopore/guppy_6/06_28_22_R941_GM18983_3_Guppy_6.5.7_450bps_modbases_5mc_cg_sup_prom_pass.bam']",3,68.1,"[18.63, 24.7, 24.77]",21,R941,16000,https://raw.githubusercontent.com/mobinasri/flagger/refs/heads/main/misc/alpha_tsv/ONT_R941_Guppy6.3.7/alpha_optimum_trunc_exp_gaussian_w_16000_n_50.ONT_R941_Guppy6.3.7_DEC_2024.v1.1.0.tsv
GM19043,"['s3://human-pangenomics/working/HPRC/NA19043/raw_data/nanopore/guppy_6/09_27_2022_R941_GM19043_2_Guppy_6.5.7_450bps_modbases_5mc_cg_sup_prom_pass.bam', 's3://human-pangenomics/working/HPRC/NA19043/raw_data/nanopore/guppy_6/09_27_2022_R941_GM19043_3_Guppy_6.5.7_450bps_modbases_5mc_cg_sup_prom_pass.bam', 's3://human-pangenomics/working/HPRC/NA19043/raw_data/nanopore/guppy_6/09_27_2022_R941_GM19043_4_Guppy_6.5.7_450bps_modbases_5mc_cg_sup_prom_pass.bam']",3,60.08,21,map-ont,15,"['s3://human-pangenomics/working/HPRC/NA19043/raw_data/nanopore/guppy_6/09_27_2022_R941_GM19043_1_Guppy_6.5.7_450bps_modbases_5mc_cg_sup_prom_pass.bam', 's3://human-pangenomics/working/HPRC/NA19043/raw_data/nanopore/guppy_6/09_27_2022_R941_GM19043_2_Guppy_6.5.7_450bps_modbases_5mc_cg_sup_prom_pass.bam', 's3://human-pangenomics/working/HPRC/NA19043/raw_data/nanopore/guppy_6/09_27_2022_R941_GM19043_3_Guppy_6.5.7_450bps_modbases_5mc_cg_sup_prom_pass.bam', 's3://human-pangenomics/working/HPRC/NA19043/raw_data/nanopore/guppy_6/09_27_2022_R941_GM19043_4_Guppy_6.5.7_450bps_modbases_5mc_cg_sup_prom_pass.bam']",4,62.45,"[2.37, 21.36, 20.83, 17.89]",16,R941,16000,https://raw.githubusercontent.com/mobinasri/flagger/refs/heads/main/misc/alpha_tsv/ONT_R941_Guppy6.3.7/alpha_optimum_trunc_exp_gaussian_w_16000_n_50.ONT_R941_Guppy6.3.7_DEC_2024.v1.1.0.tsv
GM19087,"['s3://human-pangenomics/working/HPRC/NA19087/raw_data/nanopore/guppy_6/09_14_22_R941_GM19087_3_Guppy_6.5.7_450bps_modbases_5mc_cg_sup_prom_pass.bam', 's3://human-pangenomics/working/HPRC/NA19087/raw_data/nanopore/guppy_6/09_14_22_R941_GM19087_1_Guppy_6.5.7_450bps_modbases_5mc_cg_sup_prom_pass.bam', 's3://human-pangenomics/working/HPRC/NA19087/raw_data/nanopore/guppy_6/09_14_22_R941_GM19087_2_Guppy_6.5.7_450bps_modbases_5mc_cg_sup_prom_pass.bam']",3,72.01,21,map-ont,15,"['s3://human-pangenomics/working/HPRC/NA19087/raw_data/nanopore/guppy_6/09_14_22_R941_GM19087_1_Guppy_6.5.7_450bps_modbases_5mc_cg_sup_prom_pass.bam', 's3://human-pangenomics/working/HPRC/NA19087/raw_data/nanopore/guppy_6/09_14_22_R941_GM19087_2_Guppy_6.5.7_450bps_modbases_5mc_cg_sup_prom_pass.bam', 's3://human-pangenomics/working/HPRC/NA19087/raw_data/nanopore/guppy_6/09_14_22_R941_GM19087_3_Guppy_6.5.7_450bps_modbases_5mc_cg_sup_prom_pass.bam']",3,72.01,"[23.91, 22.89, 25.21]",21,R941,16000,https://raw.githubusercontent.com/mobinasri/flagger/refs/heads/main/misc/alpha_tsv/ONT_R941_Guppy6.3.7/alpha_optimum_trunc_exp_gaussian_w_16000_n_50.ONT_R941_Guppy6.3.7_DEC_2024.v1.1.0.tsv
GM19120,"['s3://human-pangenomics/working/HPRC/NA19120/raw_data/nanopore/guppy_6/08_10_22_R941_GM19120_3_Guppy_6.5.7_450bps_modbases_5mc_cg_sup_prom_pass.bam', 's3://human-pangenomics/working/HPRC/NA19120/raw_data/nanopore/guppy_6/08_10_22_R941_GM19120_2_Guppy_6.5.7_450bps_modbases_5mc_cg_sup_prom_pass.bam', 's3://human-pangenomics/working/HPRC/NA19120/raw_data/nanopore/guppy_6/08_10_22_R941_GM19120_1_Guppy_6.5.7_450bps_modbases_5mc_cg_sup_prom_pass.bam']",3,57.42,21,map-ont,15,"['s3://human-pangenomics/working/HPRC/NA19120/raw_data/nanopore/guppy_6/08_10_22_R941_GM19120_1_Guppy_6.5.7_450bps_modbases_5mc_cg_sup_prom_pass.bam', 's3://human-pangenomics/working/HPRC/NA19120/raw_data/nanopore/guppy_6/08_10_22_R941_GM19120_2_Guppy_6.5.7_450bps_modbases_5mc_cg_sup_prom_pass.bam', 's3://human-pangenomics/working/HPRC/NA19120/raw_data/nanopore/guppy_6/08_10_22_R941_GM19120_3_Guppy_6.5.7_450bps_modbases_5mc_cg_sup_prom_pass.bam']",3,57.42,"[15.45, 17.61, 24.36]",21,R941,16000,https://raw.githubusercontent.com/mobinasri/flagger/refs/heads/main/misc/alpha_tsv/ONT_R941_Guppy6.3.7/alpha_optimum_trunc_exp_gaussian_w_16000_n_50.ONT_R941_Guppy6.3.7_DEC_2024.v1.1.0.tsv
GM19159,"['s3://human-pangenomics/working/HPRC/NA19159/raw_data/nanopore/guppy_6/08_10_22_R941_GM19159_1_Guppy_6.5.7_450bps_modbases_5mc_cg_sup_prom_pass.bam', 's3://human-pangenomics/working/HPRC/NA19159/raw_data/nanopore/guppy_6/08_10_22_R941_GM19159_2_Guppy_6.5.7_450bps_modbases_5mc_cg_sup_prom_pass.bam', 's3://human-pangenomics/working/HPRC/NA19159/raw_data/nanopore/guppy_6/08_10_22_R941_GM19159_3_Guppy_6.5.7_450bps_modbases_5mc_cg_sup_prom_pass.bam']",3,56.33,21,map-ont,15,"['s3://human-pangenomics/working/HPRC/NA19159/raw_data/nanopore/guppy_6/08_10_22_R941_GM19159_1_Guppy_6.5.7_450bps_modbases_5mc_cg_sup_prom_pass.bam', 's3://human-pangenomics/working/HPRC/NA19159/raw_data/nanopore/guppy_6/08_10_22_R941_GM19159_2_Guppy_6.5.7_450bps_modbases_5mc_cg_sup_prom_pass.bam', 's3://human-pangenomics/working/HPRC/NA19159/raw_data/nanopore/guppy_6/08_10_22_R941_GM19159_3_Guppy_6.5.7_450bps_modbases_5mc_cg_sup_prom_pass.bam']",3,56.33,"[21.16, 18.43, 16.74]",21,R941,16000,https://raw.githubusercontent.com/mobinasri/flagger/refs/heads/main/misc/alpha_tsv/ONT_R941_Guppy6.3.7/alpha_optimum_trunc_exp_gaussian_w_16000_n_50.ONT_R941_Guppy6.3.7_DEC_2024.v1.1.0.tsv
GM19185,"['s3://human-pangenomics/working/HPRC/NA19185/raw_data/nanopore/guppy_6/08_10_22_R941_GM19185_3_Guppy_6.5.7_450bps_modbases_5mc_cg_sup_prom_pass.bam', 's3://human-pangenomics/working/HPRC/NA19185/raw_data/nanopore/guppy_6/08_10_22_R941_GM19185_1_Guppy_6.5.7_450bps_modbases_5mc_cg_sup_prom_pass.bam', 's3://human-pangenomics/working/HPRC/NA19185/raw_data/nanopore/guppy_6/08_10_22_R941_GM19185_2_Guppy_6.5.7_450bps_modbases_5mc_cg_sup_prom_pass.bam']",3,54.52,21,map-ont,15,"['s3://human-pangenomics/working/HPRC/NA19185/raw_data/nanopore/guppy_6/08_10_22_R941_GM19185_1_Guppy_6.5.7_450bps_modbases_5mc_cg_sup_prom_pass.bam', 's3://human-pangenomics/working/HPRC/NA19185/raw_data/nanopore/guppy_6/08_10_22_R941_GM19185_2_Guppy_6.5.7_450bps_modbases_5mc_cg_sup_prom_pass.bam', 's3://human-pangenomics/working/HPRC/NA19185/raw_data/nanopore/guppy_6/08_10_22_R941_GM19185_3_Guppy_6.5.7_450bps_modbases_5mc_cg_sup_prom_pass.bam']",3,54.52,"[18.49, 16.96, 19.07]",21,R941,16000,https://raw.githubusercontent.com/mobinasri/flagger/refs/heads/main/misc/alpha_tsv/ONT_R941_Guppy6.3.7/alpha_optimum_trunc_exp_gaussian_w_16000_n_50.ONT_R941_Guppy6.3.7_DEC_2024.v1.1.0.tsv
GM19338,"['s3://human-pangenomics/working/HPRC/NA19338/raw_data/nanopore/guppy_6/05_24_22_R941_GM19338_2_Guppy_6.5.7_450bps_modbases_5mc_cg_sup_prom_pass.bam', 's3://human-pangenomics/working/HPRC/NA19338/raw_data/nanopore/guppy_6/05_24_22_R941_GM19338_1_Guppy_6.5.7_450bps_modbases_5mc_cg_sup_prom_pass.bam', 's3://human-pangenomics/working/HPRC/NA19338/raw_data/nanopore/guppy_6/05_24_22_R941_GM19338_3_Guppy_6.5.7_450bps_modbases_5mc_cg_sup_prom_pass.bam']",3,65.32,21,map-ont,15,"['s3://human-pangenomics/working/HPRC/NA19338/raw_data/nanopore/guppy_6/05_24_22_R941_GM19338_1_Guppy_6.5.7_450bps_modbases_5mc_cg_sup_prom_pass.bam', 's3://human-pangenomics/working/HPRC/NA19338/raw_data/nanopore/guppy_6/05_24_22_R941_GM19338_2_Guppy_6.5.7_450bps_modbases_5mc_cg_sup_prom_pass.bam', 's3://human-pangenomics/working/HPRC/NA19338/raw_data/nanopore/guppy_6/05_24_22_R941_GM19338_3_Guppy_6.5.7_450bps_modbases_5mc_cg_sup_prom_pass.bam']",3,65.32,"[20.21, 25.57, 19.54]",21,R941,16000,https://raw.githubusercontent.com/mobinasri/flagger/refs/heads/main/misc/alpha_tsv/ONT_R941_Guppy6.3.7/alpha_optimum_trunc_exp_gaussian_w_16000_n_50.ONT_R941_Guppy6.3.7_DEC_2024.v1.1.0.tsv
GM19391,"['s3://human-pangenomics/working/HPRC/NA19391/raw_data/nanopore/guppy_6/05_24_22_R941_GM19391_2_Guppy_6.5.7_450bps_modbases_5mc_cg_sup_prom_pass.bam', 's3://human-pangenomics/working/HPRC/NA19391/raw_data/nanopore/guppy_6/05_24_22_R941_GM19391_1_Guppy_6.5.7_450bps_modbases_5mc_cg_sup_prom_pass.bam', 's3://human-pangenomics/working/HPRC/NA19391/raw_data/nanopore/guppy_6/05_24_22_R941_GM19391_3_Guppy_6.5.7_450bps_modbases_5mc_cg_sup_prom_pass.bam']",3,81.87,21,map-ont,15,"['s3://human-pangenomics/working/HPRC/NA19391/raw_data/nanopore/guppy_6/05_24_22_R941_GM19391_1_Guppy_6.5.7_450bps_modbases_5mc_cg_sup_prom_pass.bam', 's3://human-pangenomics/working/HPRC/NA19391/raw_data/nanopore/guppy_6/05_24_22_R941_GM19391_2_Guppy_6.5.7_450bps_modbases_5mc_cg_sup_prom_pass.bam', 's3://human-pangenomics/working/HPRC/NA19391/raw_data/nanopore/guppy_6/05_24_22_R941_GM19391_3_Guppy_6.5.7_450bps_modbases_5mc_cg_sup_prom_pass.bam']",3,81.87,"[27.12, 29.12, 25.63]",21,R941,16000,https://raw.githubusercontent.com/mobinasri/flagger/refs/heads/main/misc/alpha_tsv/ONT_R941_Guppy6.3.7/alpha_optimum_trunc_exp_gaussian_w_16000_n_50.ONT_R941_Guppy6.3.7_DEC_2024.v1.1.0.tsv
GM19468,"['s3://human-pangenomics/working/HPRC/NA19468/raw_data/nanopore/guppy_6/05_24_22_R941_GM19468_1_Guppy_6.5.7_450bps_modbases_5mc_cg_sup_prom_pass.bam', 's3://human-pangenomics/working/HPRC/NA19468/raw_data/nanopore/guppy_6/05_24_22_R941_GM19468_2_Guppy_6.5.7_450bps_modbases_5mc_cg_sup_prom_pass.bam', 's3://human-pangenomics/working/HPRC/NA19468/raw_data/nanopore/guppy_6/05_24_22_R941_GM19468_3_Guppy_6.5.7_450bps_modbases_5mc_cg_sup_prom_pass.bam']",3,78.16,21,map-ont,15,"['s3://human-pangenomics/working/HPRC/NA19468/raw_data/nanopore/guppy_6/05_24_22_R941_GM19468_1_Guppy_6.5.7_450bps_modbases_5mc_cg_sup_prom_pass.bam', 's3://human-pangenomics/working/HPRC/NA19468/raw_data/nanopore/guppy_6/05_24_22_R941_GM19468_2_Guppy_6.5.7_450bps_modbases_5mc_cg_sup_prom_pass.bam', 's3://human-pangenomics/working/HPRC/NA19468/raw_data/nanopore/guppy_6/05_24_22_R941_GM19468_3_Guppy_6.5.7_450bps_modbases_5mc_cg_sup_prom_pass.bam']",3,78.16,"[26.98, 25.61, 25.57]",21,R941,16000,https://raw.githubusercontent.com/mobinasri/flagger/refs/heads/main/misc/alpha_tsv/ONT_R941_Guppy6.3.7/alpha_optimum_trunc_exp_gaussian_w_16000_n_50.ONT_R941_Guppy6.3.7_DEC_2024.v1.1.0.tsv
GM20752,"['s3://human-pangenomics/working/HPRC/NA20752/raw_data/nanopore/guppy_6/09_14_22_R941_GM20752_1_Guppy_6.5.7_450bps_modbases_5mc_cg_sup_prom_pass.bam', 's3://human-pangenomics/working/HPRC/NA20752/raw_data/nanopore/guppy_6/09_14_22_R941_GM20752_2_Guppy_6.5.7_450bps_modbases_5mc_cg_sup_prom_pass.bam', 's3://human-pangenomics/working/HPRC/NA20752/raw_data/nanopore/guppy_6/09_14_22_R941_GM20752_3_Guppy_6.5.7_450bps_modbases_5mc_cg_sup_prom_pass.bam']",3,78.93,21,map-ont,15,"['s3://human-pangenomics/working/HPRC/NA20752/raw_data/nanopore/guppy_6/09_14_22_R941_GM20752_1_Guppy_6.5.7_450bps_modbases_5mc_cg_sup_prom_pass.bam', 's3://human-pangenomics/working/HPRC/NA20752/raw_data/nanopore/guppy_6/09_14_22_R941_GM20752_2_Guppy_6.5.7_450bps_modbases_5mc_cg_sup_prom_pass.bam', 's3://human-pangenomics/working/HPRC/NA20752/raw_data/nanopore/guppy_6/09_14_22_R941_GM20752_3_Guppy_6.5.7_450bps_modbases_5mc_cg_sup_prom_pass.bam']",3,78.93,"[27.2, 27.2, 24.53]",21,R941,16000,https://raw.githubusercontent.com/mobinasri/flagger/refs/heads/main/misc/alpha_tsv/ONT_R941_Guppy6.3.7/alpha_optimum_trunc_exp_gaussian_w_16000_n_50.ONT_R941_Guppy6.3.7_DEC_2024.v1.1.0.tsv
GM20799,"['s3://human-pangenomics/working/HPRC/NA20799/raw_data/nanopore/guppy_6/09_27_2022_R941_GM20799_1_Guppy_6.5.7_450bps_modbases_5mc_cg_sup_prom_pass.bam', 's3://human-pangenomics/working/HPRC/NA20799/raw_data/nanopore/guppy_6/09_27_2022_R941_GM20799_3_Guppy_6.5.7_450bps_modbases_5mc_cg_sup_prom_pass.bam', 's3://human-pangenomics/working/HPRC/NA20799/raw_data/nanopore/guppy_6/09_27_2022_R941_GM20799_2_Guppy_6.5.7_450bps_modbases_5mc_cg_sup_prom_pass.bam']",3,58.34,21,map-ont,15,"['s3://human-pangenomics/working/HPRC/NA20799/raw_data/nanopore/guppy_6/09_27_2022_R941_GM20799_1_Guppy_6.5.7_450bps_modbases_5mc_cg_sup_prom_pass.bam', 's3://human-pangenomics/working/HPRC/NA20799/raw_data/nanopore/guppy_6/09_27_2022_R941_GM20799_2_Guppy_6.5.7_450bps_modbases_5mc_cg_sup_prom_pass.bam', 's3://human-pangenomics/working/HPRC/NA20799/raw_data/nanopore/guppy_6/09_27_2022_R941_GM20799_3_Guppy_6.5.7_450bps_modbases_5mc_cg_sup_prom_pass.bam']",3,58.34,"[23.77, 12.85, 21.72]",21,R941,16000,https://raw.githubusercontent.com/mobinasri/flagger/refs/heads/main/misc/alpha_tsv/ONT_R941_Guppy6.3.7/alpha_optimum_trunc_exp_gaussian_w_16000_n_50.ONT_R941_Guppy6.3.7_DEC_2024.v1.1.0.tsv
GM20805,"['s3://human-pangenomics/working/HPRC/NA20805/raw_data/nanopore/guppy_6/08_10_22_R941_GM20805_2_Guppy_6.5.7_450bps_modbases_5mc_cg_sup_prom_pass.bam', 's3://human-pangenomics/working/HPRC/NA20805/raw_data/nanopore/guppy_6/08_10_22_R941_GM20805_3_Guppy_6.5.7_450bps_modbases_5mc_cg_sup_prom_pass.bam', 's3://human-pangenomics/working/HPRC/NA20805/raw_data/nanopore/guppy_6/08_10_22_R941_GM20805_4_Guppy_6.5.7_450bps_modbases_5mc_cg_sup_prom_pass.bam', 's3://human-pangenomics/working/HPRC/NA20805/raw_data/nanopore/guppy_6/08_10_22_R941_GM20805_1_Guppy_6.5.7_450bps_modbases_5mc_cg_sup_prom_pass.bam']",4,49.43,16,map-ont,15,"['s3://human-pangenomics/working/HPRC/NA20805/raw_data/nanopore/guppy_6/08_10_22_R941_GM20805_1_Guppy_6.5.7_450bps_modbases_5mc_cg_sup_prom_pass.bam', 's3://human-pangenomics/working/HPRC/NA20805/raw_data/nanopore/guppy_6/08_10_22_R941_GM20805_2_Guppy_6.5.7_450bps_modbases_5mc_cg_sup_prom_pass.bam', 's3://human-pangenomics/working/HPRC/NA20805/raw_data/nanopore/guppy_6/08_10_22_R941_GM20805_3_Guppy_6.5.7_450bps_modbases_5mc_cg_sup_prom_pass.bam', 's3://human-pangenomics/working/HPRC/NA20805/raw_data/nanopore/guppy_6/08_10_22_R941_GM20805_4_Guppy_6.5.7_450bps_modbases_5mc_cg_sup_prom_pass.bam']",4,49.43,"[5.16, 18.88, 15.28, 10.11]",16,R941,16000,https://raw.githubusercontent.com/mobinasri/flagger/refs/heads/main/misc/alpha_tsv/ONT_R941_Guppy6.3.7/alpha_optimum_trunc_exp_gaussian_w_16000_n_50.ONT_R941_Guppy6.3.7_DEC_2024.v1.1.0.tsv
GM20858,"['s3://human-pangenomics/working/HPRC/NA20858/raw_data/nanopore/guppy_6/08_10_22_R941_GM20858_1_Guppy_6.5.7_450bps_modbases_5mc_cg_sup_prom_pass.bam', 's3://human-pangenomics/working/HPRC/NA20858/raw_data/nanopore/guppy_6/08_10_22_R941_GM20858_2_Guppy_6.5.7_450bps_modbases_5mc_cg_sup_prom_pass.bam', 's3://human-pangenomics/working/HPRC/NA20858/raw_data/nanopore/guppy_6/08_10_22_R941_GM20858_3_Guppy_6.5.7_450bps_modbases_5mc_cg_sup_prom_pass.bam']",3,47.06,21,map-ont,15,"['s3://human-pangenomics/working/HPRC/NA20858/raw_data/nanopore/guppy_6/08_10_22_R941_GM20858_1_Guppy_6.5.7_450bps_modbases_5mc_cg_sup_prom_pass.bam', 's3://human-pangenomics/working/HPRC/NA20858/raw_data/nanopore/guppy_6/08_10_22_R941_GM20858_2_Guppy_6.5.7_450bps_modbases_5mc_cg_sup_prom_pass.bam', 's3://human-pangenomics/working/HPRC/NA20858/raw_data/nanopore/guppy_6/08_10_22_R941_GM20858_3_Guppy_6.5.7_450bps_modbases_5mc_cg_sup_prom_pass.bam']",3,47.06,"[17.19, 15.36, 14.51]",21,R941,16000,https://raw.githubusercontent.com/mobinasri/flagger/refs/heads/main/misc/alpha_tsv/ONT_R941_Guppy6.3.7/alpha_optimum_trunc_exp_gaussian_w_16000_n_50.ONT_R941_Guppy6.3.7_DEC_2024.v1.1.0.tsv
GM20905,"['s3://human-pangenomics/working/HPRC/NA20905/raw_data/nanopore/guppy_6/09_27_2022_R941_GM20905_1_Guppy_6.5.7_450bps_modbases_5mc_cg_sup_prom_pass.bam', 's3://human-pangenomics/working/HPRC/NA20905/raw_data/nanopore/guppy_6/09_27_2022_R941_GM20905_3_Guppy_6.5.7_450bps_modbases_5mc_cg_sup_prom_pass.bam', 's3://human-pangenomics/working/HPRC/NA20905/raw_data/nanopore/guppy_6/09_27_2022_R941_GM20905_2_Guppy_6.5.7_450bps_modbases_5mc_cg_sup_prom_pass.bam']",3,60.55,21,map-ont,15,"['s3://human-pangenomics/working/HPRC/NA20905/raw_data/nanopore/guppy_6/09_27_2022_R941_GM20905_1_Guppy_6.5.7_450bps_modbases_5mc_cg_sup_prom_pass.bam', 's3://human-pangenomics/working/HPRC/NA20905/raw_data/nanopore/guppy_6/09_27_2022_R941_GM20905_2_Guppy_6.5.7_450bps_modbases_5mc_cg_sup_prom_pass.bam', 's3://human-pangenomics/working/HPRC/NA20905/raw_data/nanopore/guppy_6/09_27_2022_R941_GM20905_3_Guppy_6.5.7_450bps_modbases_5mc_cg_sup_prom_pass.bam']",3,60.55,"[21.22, 19.23, 20.1]",21,R941,16000,https://raw.githubusercontent.com/mobinasri/flagger/refs/heads/main/misc/alpha_tsv/ONT_R941_Guppy6.3.7/alpha_optimum_trunc_exp_gaussian_w_16000_n_50.ONT_R941_Guppy6.3.7_DEC_2024.v1.1.0.tsv
HG00097,"['s3://human-pangenomics/working/HPRC/HG00097/raw_data/nanopore/dorado0.6.0_sup4.3.0_5mCG_5hmCG/10_31_23_R1041_HPRC_HG00097_1_dorado0.6.0_sup4.3.0_5mCG_5hmCG.bam', 's3://human-pangenomics/working/HPRC/HG00097/raw_data/nanopore/dorado0.6.0_sup4.3.0_5mCG_5hmCG/10_31_23_R1041_HPRC_HG00097_3_dorado0.6.0_sup4.3.0_5mCG_5hmCG.bam', 's3://human-pangenomics/working/HPRC/HG00097/raw_data/nanopore/dorado0.6.0_sup4.3.0_5mCG_5hmCG/10_31_23_R1041_HPRC_HG00097_2_dorado0.6.0_sup4.3.0_5mCG_5hmCG.bam']",3,57.09,21,lr:hqae,25,"['s3://human-pangenomics/working/HPRC/HG00097/raw_data/nanopore/dorado0.6.0_sup4.3.0_5mCG_5hmCG/10_31_23_R1041_HPRC_HG00097_1_dorado0.6.0_sup4.3.0_5mCG_5hmCG.bam', 's3://human-pangenomics/working/HPRC/HG00097/raw_data/nanopore/dorado0.6.0_sup4.3.0_5mCG_5hmCG/10_31_23_R1041_HPRC_HG00097_3_dorado0.6.0_sup4.3.0_5mCG_5hmCG.bam', 's3://human-pangenomics/working/HPRC/HG00097/raw_data/nanopore/dorado0.6.0_sup4.3.0_5mCG_5hmCG/10_31_23_R1041_HPRC_HG00097_2_dorado0.6.0_sup4.3.0_5mCG_5hmCG.bam']",3,57.09,"[21.08, 18.14, 17.87]",21,R1041,8000,https://raw.githubusercontent.com/mobinasri/flagger/refs/heads/main/misc/alpha_tsv/ONT_R1041_Dorado/alpha_optimum_trunc_exp_gaussian_w_8000_n_50.ONT_R1041_Dorado_DEC_2024.v1.1.0.tsv
HG00099,"['s3://human-pangenomics/working/HPRC/HG00099/raw_data/nanopore/guppy_6/09_14_22_R941_HG00099_3_Guppy_6.5.7_450bps_modbases_5mc_cg_sup_prom_pass.bam', 's3://human-pangenomics/working/HPRC/HG00099/raw_data/nanopore/guppy_6/09_14_22_R941_HG00099_1_Guppy_6.5.7_450bps_modbases_5mc_cg_sup_prom_pass.bam', 's3://human-pangenomics/working/HPRC/HG00099/raw_data/nanopore/guppy_6/09_14_22_R941_HG00099_2_Guppy_6.5.7_450bps_modbases_5mc_cg_sup_prom_pass.bam']",3,58.78,21,map-ont,15,"['s3://human-pangenomics/working/HPRC/HG00099/raw_data/nanopore/guppy_6/09_14_22_R941_HG00099_1_Guppy_6.5.7_450bps_modbases_5mc_cg_sup_prom_pass.bam', 's3://human-pangenomics/working/HPRC/HG00099/raw_data/nanopore/guppy_6/09_14_22_R941_HG00099_2_Guppy_6.5.7_450bps_modbases_5mc_cg_sup_prom_pass.bam', 's3://human-pangenomics/working/HPRC/HG00099/raw_data/nanopore/guppy_6/09_14_22_R941_HG00099_3_Guppy_6.5.7_450bps_modbases_5mc_cg_sup_prom_pass.bam']",3,58.78,"[19.41, 19.1, 20.27]",21,R941,16000,https://raw.githubusercontent.com/mobinasri/flagger/refs/heads/main/misc/alpha_tsv/ONT_R941_Guppy6.3.7/alpha_optimum_trunc_exp_gaussian_w_16000_n_50.ONT_R941_Guppy6.3.7_DEC_2024.v1.1.0.tsv
HG00106,"['s3://human-pangenomics/working/HPRC/HG00106/raw_data/nanopore/dorado0.6.0_sup4.3.0_5mCG_5hmCG/09_06_23_R1041_HPRC_HG00106_2_dorado0.6.0_sup4.3.0_5mCG_5hmCG.bam', 's3://human-pangenomics/working/HPRC/HG00106/raw_data/nanopore/dorado0.6.0_sup4.3.0_5mCG_5hmCG/09_06_23_R1041_HPRC_HG00106_3_dorado0.6.0_sup4.3.0_5mCG_5hmCG.bam', 's3://human-pangenomics/working/HPRC/HG00106/raw_data/nanopore/dorado0.6.0_sup4.3.0_5mCG_5hmCG/09_06_23_R1041_HPRC_HG00106_1_dorado0.6.0_sup4.3.0_5mCG_5hmCG.bam']",3,62.87,21,lr:hqae,25,"['s3://human-pangenomics/working/HPRC/HG00106/raw_data/nanopore/dorado0.6.0_sup4.3.0_5mCG_5hmCG/09_06_23_R1041_HPRC_HG00106_3_dorado0.6.0_sup4.3.0_5mCG_5hmCG.bam', 's3://human-pangenomics/working/HPRC/HG00106/raw_data/nanopore/dorado0.6.0_sup4.3.0_5mCG_5hmCG/09_06_23_R1041_HPRC_HG00106_2_dorado0.6.0_sup4.3.0_5mCG_5hmCG.bam', 's3://human-pangenomics/working/HPRC/HG00106/raw_data/nanopore/dorado0.6.0_sup4.3.0_5mCG_5hmCG/09_06_23_R1041_HPRC_HG00106_1_dorado0.6.0_sup4.3.0_5mCG_5hmCG.bam']",3,62.87,"[20.02, 23.24, 19.61]",21,R1041,8000,https://raw.githubusercontent.com/mobinasri/flagger/refs/heads/main/misc/alpha_tsv/ONT_R1041_Dorado/alpha_optimum_trunc_exp_gaussian_w_8000_n_50.ONT_R1041_Dorado_DEC_2024.v1.1.0.tsv
HG00117,"['s3://human-pangenomics/working/HPRC/HG00117/raw_data/nanopore/dorado0.6.0_sup4.3.0_5mCG_5hmCG/09_06_23_R1041_HPRC_HG00117_2_dorado0.6.0_sup4.3.0_5mCG_5hmCG.bam', 's3://human-pangenomics/working/HPRC/HG00117/raw_data/nanopore/dorado0.6.0_sup4.3.0_5mCG_5hmCG/09_06_23_R1041_HPRC_HG00117_3_dorado0.6.0_sup4.3.0_5mCG_5hmCG.bam', 's3://human-pangenomics/working/HPRC/HG00117/raw_data/nanopore/dorado0.6.0_sup4.3.0_5mCG_5hmCG/09_06_23_R1041_HPRC_HG00117_1_dorado0.6.0_sup4.3.0_5mCG_5hmCG.bam']",3,69.07,21,lr:hqae,25,"['s3://human-pangenomics/working/HPRC/HG00117/raw_data/nanopore/dorado0.6.0_sup4.3.0_5mCG_5hmCG/09_06_23_R1041_HPRC_HG00117_3_dorado0.6.0_sup4.3.0_5mCG_5hmCG.bam', 's3://human-pangenomics/working/HPRC/HG00117/raw_data/nanopore/dorado0.6.0_sup4.3.0_5mCG_5hmCG/09_06_23_R1041_HPRC_HG00117_2_dorado0.6.0_sup4.3.0_5mCG_5hmCG.bam', 's3://human-pangenomics/working/HPRC/HG00117/raw_data/nanopore/dorado0.6.0_sup4.3.0_5mCG_5hmCG/09_06_23_R1041_HPRC_HG00117_1_dorado0.6.0_sup4.3.0_5mCG_5hmCG.bam']",3,69.07,"[23.99, 24.55, 20.53]",21,R1041,8000,https://raw.githubusercontent.com/mobinasri/flagger/refs/heads/main/misc/alpha_tsv/ONT_R1041_Dorado/alpha_optimum_trunc_exp_gaussian_w_8000_n_50.ONT_R1041_Dorado_DEC_2024.v1.1.0.tsv
HG00126,"['s3://human-pangenomics/working/HPRC/HG00126/raw_data/nanopore/dorado0.6.0_sup4.3.0_5mCG_5hmCG/08_29_23_R1041_HPRC_HG00126_1_dorado0.6.0_sup4.3.0_5mCG_5hmCG.bam', 's3://human-pangenomics/working/HPRC/HG00126/raw_data/nanopore/dorado0.6.0_sup4.3.0_5mCG_5hmCG/08_29_23_R1041_HPRC_HG00126_3_dorado0.6.0_sup4.3.0_5mCG_5hmCG.bam', 's3://human-pangenomics/working/HPRC/HG00126/raw_data/nanopore/dorado0.6.0_sup4.3.0_5mCG_5hmCG/08_29_23_R1041_HPRC_HG00126_2_dorado0.6.0_sup4.3.0_5mCG_5hmCG.bam']",3,70.94,21,lr:hqae,25,"['s3://human-pangenomics/working/HPRC/HG00126/raw_data/nanopore/dorado0.6.0_sup4.3.0_5mCG_5hmCG/08_29_23_R1041_HPRC_HG00126_1_dorado0.6.0_sup4.3.0_5mCG_5hmCG.bam', 's3://human-pangenomics/working/HPRC/HG00126/raw_data/nanopore/dorado0.6.0_sup4.3.0_5mCG_5hmCG/08_29_23_R1041_HPRC_HG00126_3_dorado0.6.0_sup4.3.0_5mCG_5hmCG.bam', 's3://human-pangenomics/working/HPRC/HG00126/raw_data/nanopore/dorado0.6.0_sup4.3.0_5mCG_5hmCG/08_29_23_R1041_HPRC_HG00126_2_dorado0.6.0_sup4.3.0_5mCG_5hmCG.bam']",3,70.94,"[24.61, 23.61, 22.72]",21,R1041,8000,https://raw.githubusercontent.com/mobinasri/flagger/refs/heads/main/misc/alpha_tsv/ONT_R1041_Dorado/alpha_optimum_trunc_exp_gaussian_w_8000_n_50.ONT_R1041_Dorado_DEC_2024.v1.1.0.tsv
HG00128,"['s3://human-pangenomics/working/HPRC/HG00128/raw_data/nanopore/dorado0.6.0_sup4.3.0_5mCG_5hmCG/11_7_23_R1041_HPRC_HG00128_3_dorado0.6.0_sup4.3.0_5mCG_5hmCG.bam', 's3://human-pangenomics/working/HPRC/HG00128/raw_data/nanopore/dorado0.6.0_sup4.3.0_5mCG_5hmCG/11_7_23_R1041_HPRC_HG00128_2_dorado0.6.0_sup4.3.0_5mCG_5hmCG.bam', 's3://human-pangenomics/working/HPRC/HG00128/raw_data/nanopore/dorado0.6.0_sup4.3.0_5mCG_5hmCG/11_7_23_R1041_HPRC_HG00128_1_dorado0.6.0_sup4.3.0_5mCG_5hmCG.bam']",3,59.52,21,lr:hqae,25,"['s3://human-pangenomics/working/HPRC/HG00128/raw_data/nanopore/dorado0.6.0_sup4.3.0_5mCG_5hmCG/11_7_23_R1041_HPRC_HG00128_2_dorado0.6.0_sup4.3.0_5mCG_5hmCG.bam', 's3://human-pangenomics/working/HPRC/HG00128/raw_data/nanopore/dorado0.6.0_sup4.3.0_5mCG_5hmCG/11_7_23_R1041_HPRC_HG00128_3_dorado0.6.0_sup4.3.0_5mCG_5hmCG.bam', 's3://human-pangenomics/working/HPRC/HG00128/raw_data/nanopore/dorado0.6.0_sup4.3.0_5mCG_5hmCG/11_7_23_R1041_HPRC_HG00128_1_dorado0.6.0_sup4.3.0_5mCG_5hmCG.bam']",3,59.52,"[19.34, 22.03, 18.15]",21,R1041,8000,https://raw.githubusercontent.com/mobinasri/flagger/refs/heads/main/misc/alpha_tsv/ONT_R1041_Dorado/alpha_optimum_trunc_exp_gaussian_w_8000_n_50.ONT_R1041_Dorado_DEC_2024.v1.1.0.tsv
HG00133,"['s3://human-pangenomics/working/HPRC/HG00133/raw_data/nanopore/dorado0.6.0_sup4.3.0_5mCG_5hmCG/08_29_23_R1041_HPRC_HG00133_1_dorado0.6.0_sup4.3.0_5mCG_5hmCG.bam', 's3://human-pangenomics/working/HPRC/HG00133/raw_data/nanopore/dorado0.6.0_sup4.3.0_5mCG_5hmCG/08_29_23_R1041_HPRC_HG00133_3_dorado0.6.0_sup4.3.0_5mCG_5hmCG.bam', 's3://human-pangenomics/working/HPRC/HG00133/raw_data/nanopore/dorado0.6.0_sup4.3.0_5mCG_5hmCG/08_29_23_R1041_HPRC_HG00133_2_dorado0.6.0_sup4.3.0_5mCG_5hmCG.bam']",3,65.96,21,lr:hqae,25,"['s3://human-pangenomics/working/HPRC/HG00133/raw_data/nanopore/dorado0.6.0_sup4.3.0_5mCG_5hmCG/08_29_23_R1041_HPRC_HG00133_1_dorado0.6.0_sup4.3.0_5mCG_5hmCG.bam', 's3://human-pangenomics/working/HPRC/HG00133/raw_data/nanopore/dorado0.6.0_sup4.3.0_5mCG_5hmCG/08_29_23_R1041_HPRC_HG00133_2_dorado0.6.0_sup4.3.0_5mCG_5hmCG.bam', 's3://human-pangenomics/working/HPRC/HG00133/raw_data/nanopore/dorado0.6.0_sup4.3.0_5mCG_5hmCG/08_29_23_R1041_HPRC_HG00133_3_dorado0.6.0_sup4.3.0_5mCG_5hmCG.bam']",3,65.96,"[22.09, 21.87, 22.0]",21,R1041,8000,https://raw.githubusercontent.com/mobinasri/flagger/refs/heads/main/misc/alpha_tsv/ONT_R1041_Dorado/alpha_optimum_trunc_exp_gaussian_w_8000_n_50.ONT_R1041_Dorado_DEC_2024.v1.1.0.tsv
HG00140,"['s3://human-pangenomics/working/HPRC/HG00140/raw_data/nanopore/guppy_6/06_28_22_R941_HG00140_2_Guppy_6.5.7_450bps_modbases_5mc_cg_sup_prom_pass.bam', 's3://human-pangenomics/working/HPRC/HG00140/raw_data/nanopore/guppy_6/06_28_22_R941_HG00140_1_Guppy_6.5.7_450bps_modbases_5mc_cg_sup_prom_pass.bam', 's3://human-pangenomics/working/HPRC/HG00140/raw_data/nanopore/guppy_6/06_28_22_R941_HG00140_3_Guppy_6.5.7_450bps_modbases_5mc_cg_sup_prom_pass.bam']",3,72.87,21,map-ont,15,"['s3://human-pangenomics/working/HPRC/HG00140/raw_data/nanopore/guppy_6/06_28_22_R941_HG00140_1_Guppy_6.5.7_450bps_modbases_5mc_cg_sup_prom_pass.bam', 's3://human-pangenomics/working/HPRC/HG00140/raw_data/nanopore/guppy_6/06_28_22_R941_HG00140_2_Guppy_6.5.7_450bps_modbases_5mc_cg_sup_prom_pass.bam', 's3://human-pangenomics/working/HPRC/HG00140/raw_data/nanopore/guppy_6/06_28_22_R941_HG00140_3_Guppy_6.5.7_450bps_modbases_5mc_cg_sup_prom_pass.bam']",3,72.87,"[24.21, 26.01, 22.65]",21,R941,16000,https://raw.githubusercontent.com/mobinasri/flagger/refs/heads/main/misc/alpha_tsv/ONT_R941_Guppy6.3.7/alpha_optimum_trunc_exp_gaussian_w_16000_n_50.ONT_R941_Guppy6.3.7_DEC_2024.v1.1.0.tsv
HG00146,"['s3://human-pangenomics/working/HPRC/HG00146/raw_data/nanopore/dorado0.6.0_sup4.3.0_5mCG_5hmCG/01_23_24_R1041_HPRC_HG00146_1_dorado0.6.0_sup4.3.0_5mCG_5hmCG.bam', 's3://human-pangenomics/working/HPRC/HG00146/raw_data/nanopore/dorado0.6.0_sup4.3.0_5mCG_5hmCG/11_14_23_R1041_HPRC_HG00146_1_dorado0.6.0_sup4.3.0_5mCG_5hmCG.bam', 's3://human-pangenomics/working/HPRC/HG00146/raw_data/nanopore/dorado0.6.0_sup4.3.0_5mCG_5hmCG/11_14_23_R1041_HPRC_HG00146_2_dorado0.6.0_sup4.3.0_5mCG_5hmCG.bam', 's3://human-pangenomics/working/HPRC/HG00146/raw_data/nanopore/dorado0.6.0_sup4.3.0_5mCG_5hmCG/11_14_23_R1041_HPRC_HG00146_3_dorado0.6.0_sup4.3.0_5mCG_5hmCG.bam', 's3://human-pangenomics/working/HPRC/HG00146/raw_data/nanopore/dorado0.6.0_sup4.3.0_5mCG_5hmCG/01_23_24_R1041_HPRC_HG00146_2_dorado0.6.0_sup4.3.0_5mCG_5hmCG.bam']",5,65.41,12,lr:hqae,25,"['s3://human-pangenomics/working/HPRC/HG00146/raw_data/nanopore/dorado0.6.0_sup4.3.0_5mCG_5hmCG/11_14_23_R1041_HPRC_HG00146_1_dorado0.6.0_sup4.3.0_5mCG_5hmCG.bam', 's3://human-pangenomics/working/HPRC/HG00146/raw_data/nanopore/dorado0.6.0_sup4.3.0_5mCG_5hmCG/01_23_24_R1041_HPRC_HG00146_2_dorado0.6.0_sup4.3.0_5mCG_5hmCG.bam', 's3://human-pangenomics/working/HPRC/HG00146/raw_data/nanopore/dorado0.6.0_sup4.3.0_5mCG_5hmCG/01_23_24_R1041_HPRC_HG00146_3_dorado0.6.0_sup4.3.0_5mCG_5hmCG.bam', 's3://human-pangenomics/working/HPRC/HG00146/raw_data/nanopore/dorado0.6.0_sup4.3.0_5mCG_5hmCG/01_23_24_R1041_HPRC_HG00146_1_dorado0.6.0_sup4.3.0_5mCG_5hmCG.bam', 's3://human-pangenomics/working/HPRC/HG00146/raw_data/nanopore/dorado0.6.0_sup4.3.0_5mCG_5hmCG/11_14_23_R1041_HPRC_HG00146_2_dorado0.6.0_sup4.3.0_5mCG_5hmCG.bam', 's3://human-pangenomics/working/HPRC/HG00146/raw_data/nanopore/dorado0.6.0_sup4.3.0_5mCG_5hmCG/11_14_23_R1041_HPRC_HG00146_3_dorado0.6.0_sup4.3.0_5mCG_5hmCG.bam']",6,75.99,"[13.63, 11.42, 10.58, 15.05, 13.39, 11.92]",10,R1041,8000,https://raw.githubusercontent.com/mobinasri/flagger/refs/heads/main/misc/alpha_tsv/ONT_R1041_Dorado/alpha_optimum_trunc_exp_gaussian_w_8000_n_50.ONT_R1041_Dorado_DEC_2024.v1.1.0.tsv
HG00232,"['s3://human-pangenomics/working/HPRC/HG00232/raw_data/nanopore/dorado0.6.0_sup4.3.0_5mCG_5hmCG/01_23_24_R1041_HPRC_HG00232_2_dorado0.6.0_sup4.3.0_5mCG_5hmCG.bam', 's3://human-pangenomics/working/HPRC/HG00232/raw_data/nanopore/dorado0.6.0_sup4.3.0_5mCG_5hmCG/11_14_23_R1041_HPRC_HG00232_2_dorado0.6.0_sup4.3.0_5mCG_5hmCG.bam', 's3://human-pangenomics/working/HPRC/HG00232/raw_data/nanopore/dorado0.6.0_sup4.3.0_5mCG_5hmCG/11_14_23_R1041_HPRC_HG00232_1_dorado0.6.0_sup4.3.0_5mCG_5hmCG.bam', 's3://human-pangenomics/working/HPRC/HG00232/raw_data/nanopore/dorado0.6.0_sup4.3.0_5mCG_5hmCG/01_23_24_R1041_HPRC_HG00232_1_dorado0.6.0_sup4.3.0_5mCG_5hmCG.bam']",4,69.59,16,lr:hqae,25,"['s3://human-pangenomics/working/HPRC/HG00232/raw_data/nanopore/dorado0.6.0_sup4.3.0_5mCG_5hmCG/01_23_24_R1041_HPRC_HG00232_2_dorado0.6.0_sup4.3.0_5mCG_5hmCG.bam', 's3://human-pangenomics/working/HPRC/HG00232/raw_data/nanopore/dorado0.6.0_sup4.3.0_5mCG_5hmCG/11_14_23_R1041_HPRC_HG00232_1_dorado0.6.0_sup4.3.0_5mCG_5hmCG.bam', 's3://human-pangenomics/working/HPRC/HG00232/raw_data/nanopore/dorado0.6.0_sup4.3.0_5mCG_5hmCG/01_23_24_R1041_HPRC_HG00232_3_dorado0.6.0_sup4.3.0_5mCG_5hmCG.bam', 's3://human-pangenomics/working/HPRC/HG00232/raw_data/nanopore/dorado0.6.0_sup4.3.0_5mCG_5hmCG/11_14_23_R1041_HPRC_HG00232_4_dorado0.6.0_sup4.3.0_5mCG_5hmCG.bam', 's3://human-pangenomics/working/HPRC/HG00232/raw_data/nanopore/dorado0.6.0_sup4.3.0_5mCG_5hmCG/11_14_23_R1041_HPRC_HG00232_2_dorado0.6.0_sup4.3.0_5mCG_5hmCG.bam', 's3://human-pangenomics/working/HPRC/HG00232/raw_data/nanopore/dorado0.6.0_sup4.3.0_5mCG_5hmCG/01_23_24_R1041_HPRC_HG00232_1_dorado0.6.0_sup4.3.0_5mCG_5hmCG.bam', 's3://human-pangenomics/working/HPRC/HG00232/raw_data/nanopore/dorado0.6.0_sup4.3.0_5mCG_5hmCG/01_23_24_R1041_HPRC_HG00232_4_dorado0.6.0_sup4.3.0_5mCG_5hmCG.bam', 's3://human-pangenomics/working/HPRC/HG00232/raw_data/nanopore/dorado0.6.0_sup4.3.0_5mCG_5hmCG/11_14_23_R1041_HPRC_HG00232_3_dorado0.6.0_sup4.3.0_5mCG_5hmCG.bam']",8,92.0,"[19.87, 16.29, 4.31, 12.39, 19.26, 14.17, 4.11, 1.6]",8,R1041,8000,https://raw.githubusercontent.com/mobinasri/flagger/refs/heads/main/misc/alpha_tsv/ONT_R1041_Dorado/alpha_optimum_trunc_exp_gaussian_w_8000_n_50.ONT_R1041_Dorado_DEC_2024.v1.1.0.tsv
HG00235,"['s3://human-pangenomics/working/HPRC/HG00235/raw_data/nanopore/dorado0.6.0_sup4.3.0_5mCG_5hmCG/01_16_24_R1041_HPRC_HG00235_2_dorado0.6.0_sup4.3.0_5mCG_5hmCG.bam', 's3://human-pangenomics/working/HPRC/HG00235/raw_data/nanopore/dorado0.6.0_sup4.3.0_5mCG_5hmCG/01_16_24_R1041_HPRC_HG00235_1_dorado0.6.0_sup4.3.0_5mCG_5hmCG.bam', 's3://human-pangenomics/working/HPRC/HG00235/raw_data/nanopore/dorado0.6.0_sup4.3.0_5mCG_5hmCG/01_16_24_R1041_HPRC_HG00235_4_dorado0.6.0_sup4.3.0_5mCG_5hmCG.bam']",3,62.86,21,lr:hqae,25,"['s3://human-pangenomics/working/HPRC/HG00235/raw_data/nanopore/dorado0.6.0_sup4.3.0_5mCG_5hmCG/01_16_24_R1041_HPRC_HG00235_2_dorado0.6.0_sup4.3.0_5mCG_5hmCG.bam', 's3://human-pangenomics/working/HPRC/HG00235/raw_data/nanopore/dorado0.6.0_sup4.3.0_5mCG_5hmCG/01_16_24_R1041_HPRC_HG00235_3_dorado0.6.0_sup4.3.0_5mCG_5hmCG.bam', 's3://human-pangenomics/working/HPRC/HG00235/raw_data/nanopore/dorado0.6.0_sup4.3.0_5mCG_5hmCG/10_10_23_R1041_HPRC_HG00235_1_dorado0.6.0_sup4.3.0_5mCG_5hmCG.bam', 's3://human-pangenomics/working/HPRC/HG00235/raw_data/nanopore/dorado0.6.0_sup4.3.0_5mCG_5hmCG/01_16_24_R1041_HPRC_HG00235_1_dorado0.6.0_sup4.3.0_5mCG_5hmCG.bam', 's3://human-pangenomics/working/HPRC/HG00235/raw_data/nanopore/dorado0.6.0_sup4.3.0_5mCG_5hmCG/10_10_23_R1041_HPRC_HG00235_3_dorado0.6.0_sup4.3.0_5mCG_5hmCG.bam', 's3://human-pangenomics/working/HPRC/HG00235/raw_data/nanopore/dorado0.6.0_sup4.3.0_5mCG_5hmCG/01_16_24_R1041_HPRC_HG00235_4_dorado0.6.0_sup4.3.0_5mCG_5hmCG.bam', 's3://human-pangenomics/working/HPRC/HG00235/raw_data/nanopore/dorado0.6.0_sup4.3.0_5mCG_5hmCG/10_10_23_R1041_HPRC_HG00235_2_dorado0.6.0_sup4.3.0_5mCG_5hmCG.bam']",7,91.04,"[23.78, 13.87, 5.26, 23.41, 4.73, 15.67, 4.32]",9,R1041,8000,https://raw.githubusercontent.com/mobinasri/flagger/refs/heads/main/misc/alpha_tsv/ONT_R1041_Dorado/alpha_optimum_trunc_exp_gaussian_w_8000_n_50.ONT_R1041_Dorado_DEC_2024.v1.1.0.tsv
HG00243,"['s3://human-pangenomics/working/HPRC/HG00243/raw_data/nanopore/dorado0.6.0_sup4.3.0_5mCG_5hmCG/10_31_23_R1041_HPRC_HG00243_1_dorado0.6.0_sup4.3.0_5mCG_5hmCG.bam', 's3://human-pangenomics/working/HPRC/HG00243/raw_data/nanopore/dorado0.6.0_sup4.3.0_5mCG_5hmCG/10_31_23_R1041_HPRC_HG00243_2_dorado0.6.0_sup4.3.0_5mCG_5hmCG.bam', 's3://human-pangenomics/working/HPRC/HG00243/raw_data/nanopore/dorado0.6.0_sup4.3.0_5mCG_5hmCG/10_31_23_R1041_HPRC_HG00243_3_dorado0.6.0_sup4.3.0_5mCG_5hmCG.bam']",3,74.01,21,lr:hqae,25,"['s3://human-pangenomics/working/HPRC/HG00243/raw_data/nanopore/dorado0.6.0_sup4.3.0_5mCG_5hmCG/10_31_23_R1041_HPRC_HG00243_1_dorado0.6.0_sup4.3.0_5mCG_5hmCG.bam', 's3://human-pangenomics/working/HPRC/HG00243/raw_data/nanopore/dorado0.6.0_sup4.3.0_5mCG_5hmCG/10_31_23_R1041_HPRC_HG00243_2_dorado0.6.0_sup4.3.0_5mCG_5hmCG.bam', 's3://human-pangenomics/working/HPRC/HG00243/raw_data/nanopore/dorado0.6.0_sup4.3.0_5mCG_5hmCG/10_31_23_R1041_HPRC_HG00243_3_dorado0.6.0_sup4.3.0_5mCG_5hmCG.bam']",3,74.01,"[27.74, 25.46, 20.81]",21,R1041,8000,https://raw.githubusercontent.com/mobinasri/flagger/refs/heads/main/misc/alpha_tsv/ONT_R1041_Dorado/alpha_optimum_trunc_exp_gaussian_w_8000_n_50.ONT_R1041_Dorado_DEC_2024.v1.1.0.tsv
HG00253,"['s3://human-pangenomics/working/HPRC/HG00253/raw_data/nanopore/dorado0.6.0_sup4.3.0_5mCG_5hmCG/01_16_24_R1041_HPRC_HG00253_3_dorado0.6.0_sup4.3.0_5mCG_5hmCG.bam', 's3://human-pangenomics/working/HPRC/HG00253/raw_data/nanopore/dorado0.6.0_sup4.3.0_5mCG_5hmCG/01_16_24_R1041_HPRC_HG00253_2_dorado0.6.0_sup4.3.0_5mCG_5hmCG.bam', 's3://human-pangenomics/working/HPRC/HG00253/raw_data/nanopore/dorado0.6.0_sup4.3.0_5mCG_5hmCG/01_16_24_R1041_HPRC_HG00253_1_dorado0.6.0_sup4.3.0_5mCG_5hmCG.bam']",3,70.47,21,lr:hqae,25,"['s3://human-pangenomics/working/HPRC/HG00253/raw_data/nanopore/dorado0.6.0_sup4.3.0_5mCG_5hmCG/10_31_23_R1041_HPRC_HG00253_1_dorado0.6.0_sup4.3.0_5mCG_5hmCG.bam', 's3://human-pangenomics/working/HPRC/HG00253/raw_data/nanopore/dorado0.6.0_sup4.3.0_5mCG_5hmCG/01_16_24_R1041_HPRC_HG00253_3_dorado0.6.0_sup4.3.0_5mCG_5hmCG.bam', 's3://human-pangenomics/working/HPRC/HG00253/raw_data/nanopore/dorado0.6.0_sup4.3.0_5mCG_5hmCG/01_16_24_R1041_HPRC_HG00253_2_dorado0.6.0_sup4.3.0_5mCG_5hmCG.bam', 's3://human-pangenomics/working/HPRC/HG00253/raw_data/nanopore/dorado0.6.0_sup4.3.0_5mCG_5hmCG/10_31_23_R1041_HPRC_HG00253_2_dorado0.6.0_sup4.3.0_5mCG_5hmCG.bam', 's3://human-pangenomics/working/HPRC/HG00253/raw_data/nanopore/dorado0.6.0_sup4.3.0_5mCG_5hmCG/01_16_24_R1041_HPRC_HG00253_1_dorado0.6.0_sup4.3.0_5mCG_5hmCG.bam', 's3://human-pangenomics/working/HPRC/HG00253/raw_data/nanopore/dorado0.6.0_sup4.3.0_5mCG_5hmCG/10_31_23_R1041_HPRC_HG00253_3_dorado0.6.0_sup4.3.0_5mCG_5hmCG.bam']",6,79.4,"[3.88, 24.8, 23.65, 1.67, 22.02, 3.38]",10,R1041,8000,https://raw.githubusercontent.com/mobinasri/flagger/refs/heads/main/misc/alpha_tsv/ONT_R1041_Dorado/alpha_optimum_trunc_exp_gaussian_w_8000_n_50.ONT_R1041_Dorado_DEC_2024.v1.1.0.tsv
HG00258,"['s3://human-pangenomics/working/HPRC/HG00258/raw_data/nanopore/dorado0.6.0_sup4.3.0_5mCG_5hmCG/10_17_23_R1041_HPRC_HG00258_1_dorado0.6.0_sup4.3.0_5mCG_5hmCG.bam', 's3://human-pangenomics/working/HPRC/HG00258/raw_data/nanopore/dorado0.6.0_sup4.3.0_5mCG_5hmCG/10_17_23_R1041_HPRC_HG00258_2_dorado0.6.0_sup4.3.0_5mCG_5hmCG.bam', 's3://human-pangenomics/working/HPRC/HG00258/raw_data/nanopore/dorado0.6.0_sup4.3.0_5mCG_5hmCG/10_17_23_R1041_HPRC_HG00258_3_dorado0.6.0_sup4.3.0_5mCG_5hmCG.bam']",3,49.34,21,lr:hqae,25,"['s3://human-pangenomics/working/HPRC/HG00258/raw_data/nanopore/dorado0.6.0_sup4.3.0_5mCG_5hmCG/10_17_23_R1041_HPRC_HG00258_3_dorado0.6.0_sup4.3.0_5mCG_5hmCG.bam', 's3://human-pangenomics/working/HPRC/HG00258/raw_data/nanopore/dorado0.6.0_sup4.3.0_5mCG_5hmCG/10_17_23_R1041_HPRC_HG00258_2_dorado0.6.0_sup4.3.0_5mCG_5hmCG.bam', 's3://human-pangenomics/working/HPRC/HG00258/raw_data/nanopore/dorado0.6.0_sup4.3.0_5mCG_5hmCG/10_17_23_R1041_HPRC_HG00258_1_dorado0.6.0_sup4.3.0_5mCG_5hmCG.bam']",3,49.34,"[16.15, 16.5, 16.69]",21,R1041,8000,https://raw.githubusercontent.com/mobinasri/flagger/refs/heads/main/misc/alpha_tsv/ONT_R1041_Dorado/alpha_optimum_trunc_exp_gaussian_w_8000_n_50.ONT_R1041_Dorado_DEC_2024.v1.1.0.tsv
HG00272,"['s3://human-pangenomics/working/HPRC/HG00272/raw_data/nanopore/dorado0.6.0_sup4.3.0_5mCG_5hmCG/08_08_23_R1041_HPRC_HG00272_1_dorado0.6.0_sup4.3.0_5mCG_5hmCG.bam', 's3://human-pangenomics/working/HPRC/HG00272/raw_data/nanopore/dorado0.6.0_sup4.3.0_5mCG_5hmCG/08_08_23_R1041_HPRC_HG00272_2_dorado0.6.0_sup4.3.0_5mCG_5hmCG.bam', 's3://human-pangenomics/working/HPRC/HG00272/raw_data/nanopore/dorado0.6.0_sup4.3.0_5mCG_5hmCG/08_08_23_R1041_HPRC_HG00272_3_dorado0.6.0_sup4.3.0_5mCG_5hmCG.bam']",3,62.31,21,lr:hqae,25,"['s3://human-pangenomics/working/HPRC/HG00272/raw_data/nanopore/dorado0.6.0_sup4.3.0_5mCG_5hmCG/08_08_23_R1041_HPRC_HG00272_2_dorado0.6.0_sup4.3.0_5mCG_5hmCG.bam', 's3://human-pangenomics/working/HPRC/HG00272/raw_data/nanopore/dorado0.6.0_sup4.3.0_5mCG_5hmCG/08_08_23_R1041_HPRC_HG00272_3_dorado0.6.0_sup4.3.0_5mCG_5hmCG.bam', 's3://human-pangenomics/working/HPRC/HG00272/raw_data/nanopore/dorado0.6.0_sup4.3.0_5mCG_5hmCG/08_08_23_R1041_HPRC_HG00272_1_dorado0.6.0_sup4.3.0_5mCG_5hmCG.bam']",3,62.31,"[19.93, 18.7, 23.68]",21,R1041,8000,https://raw.githubusercontent.com/mobinasri/flagger/refs/heads/main/misc/alpha_tsv/ONT_R1041_Dorado/alpha_optimum_trunc_exp_gaussian_w_8000_n_50.ONT_R1041_Dorado_DEC_2024.v1.1.0.tsv
HG00280,"['s3://human-pangenomics/working/HPRC/HG00280/raw_data/nanopore/guppy_6/09_14_22_R941_HG00280_1_Guppy_6.5.7_450bps_modbases_5mc_cg_sup_prom_pass.bam', 's3://human-pangenomics/working/HPRC/HG00280/raw_data/nanopore/guppy_6/09_14_22_R941_HG00280_2_Guppy_6.5.7_450bps_modbases_5mc_cg_sup_prom_pass.bam', 's3://human-pangenomics/working/HPRC/HG00280/raw_data/nanopore/guppy_6/09_14_22_R941_HG00280_3_Guppy_6.5.7_450bps_modbases_5mc_cg_sup_prom_pass.bam']",3,59.84,21,map-ont,15,"['s3://human-pangenomics/working/HPRC/HG00280/raw_data/nanopore/guppy_6/09_14_22_R941_HG00280_1_Guppy_6.5.7_450bps_modbases_5mc_cg_sup_prom_pass.bam', 's3://human-pangenomics/working/HPRC/HG00280/raw_data/nanopore/guppy_6/09_14_22_R941_HG00280_2_Guppy_6.5.7_450bps_modbases_5mc_cg_sup_prom_pass.bam', 's3://human-pangenomics/working/HPRC/HG00280/raw_data/nanopore/guppy_6/09_14_22_R941_HG00280_3_Guppy_6.5.7_450bps_modbases_5mc_cg_sup_prom_pass.bam']",3,59.84,"[22.12, 18.91, 18.81]",21,R941,16000,https://raw.githubusercontent.com/mobinasri/flagger/refs/heads/main/misc/alpha_tsv/ONT_R941_Guppy6.3.7/alpha_optimum_trunc_exp_gaussian_w_16000_n_50.ONT_R941_Guppy6.3.7_DEC_2024.v1.1.0.tsv
HG00290,"['s3://human-pangenomics/working/HPRC/HG00290/raw_data/nanopore/dorado0.6.0_sup4.3.0_5mCG_5hmCG/01_23_24_R1041_HPRC_HG00290_1_dorado0.6.0_sup4.3.0_5mCG_5hmCG.bam', 's3://human-pangenomics/working/HPRC/HG00290/raw_data/nanopore/dorado0.6.0_sup4.3.0_5mCG_5hmCG/01_23_24_R1041_HPRC_HG00290_2_dorado0.6.0_sup4.3.0_5mCG_5hmCG.bam', 's3://human-pangenomics/working/HPRC/HG00290/raw_data/nanopore/dorado0.6.0_sup4.3.0_5mCG_5hmCG/11_7_23_R1041_HPRC_HG00290_2_dorado0.6.0_sup4.3.0_5mCG_5hmCG.bam']",3,64.34,21,lr:hqae,25,"['s3://human-pangenomics/working/HPRC/HG00290/raw_data/nanopore/dorado0.6.0_sup4.3.0_5mCG_5hmCG/01_23_24_R1041_HPRC_HG00290_1_dorado0.6.0_sup4.3.0_5mCG_5hmCG.bam', 's3://human-pangenomics/working/HPRC/HG00290/raw_data/nanopore/dorado0.6.0_sup4.3.0_5mCG_5hmCG/11_7_23_R1041_HPRC_HG00290_1_dorado0.6.0_sup4.3.0_5mCG_5hmCG.bam', 's3://human-pangenomics/working/HPRC/HG00290/raw_data/nanopore/dorado0.6.0_sup4.3.0_5mCG_5hmCG/11_7_23_R1041_HPRC_HG00290_2_dorado0.6.0_sup4.3.0_5mCG_5hmCG.bam', 's3://human-pangenomics/working/HPRC/HG00290/raw_data/nanopore/dorado0.6.0_sup4.3.0_5mCG_5hmCG/01_23_24_R1041_HPRC_HG00290_2_dorado0.6.0_sup4.3.0_5mCG_5hmCG.bam', 's3://human-pangenomics/working/HPRC/HG00290/raw_data/nanopore/dorado0.6.0_sup4.3.0_5mCG_5hmCG/11_7_23_R1041_HPRC_HG00290_3_dorado0.6.0_sup4.3.0_5mCG_5hmCG.bam']",5,94.26,"[26.02, 14.16, 15.95, 22.37, 15.76]",12,R1041,8000,https://raw.githubusercontent.com/mobinasri/flagger/refs/heads/main/misc/alpha_tsv/ONT_R1041_Dorado/alpha_optimum_trunc_exp_gaussian_w_8000_n_50.ONT_R1041_Dorado_DEC_2024.v1.1.0.tsv
HG00320,"['s3://human-pangenomics/working/HPRC/HG00320/raw_data/nanopore/dorado0.6.0_sup4.3.0_5mCG_5hmCG/12_12_23_R1041_HPRC_HG00320_2_dorado0.6.0_sup4.3.0_5mCG_5hmCG.bam', 's3://human-pangenomics/working/HPRC/HG00320/raw_data/nanopore/dorado0.6.0_sup4.3.0_5mCG_5hmCG/12_12_23_R1041_HPRC_HG00320_3_dorado0.6.0_sup4.3.0_5mCG_5hmCG.bam', 's3://human-pangenomics/working/HPRC/HG00320/raw_data/nanopore/dorado0.6.0_sup4.3.0_5mCG_5hmCG/12_12_23_R1041_HPRC_HG00320_1_dorado0.6.0_sup4.3.0_5mCG_5hmCG.bam']",3,77.44,21,lr:hqae,25,"['s3://human-pangenomics/working/HPRC/HG00320/raw_data/nanopore/dorado0.6.0_sup4.3.0_5mCG_5hmCG/12_12_23_R1041_HPRC_HG00320_1_dorado0.6.0_sup4.3.0_5mCG_5hmCG.bam', 's3://human-pangenomics/working/HPRC/HG00320/raw_data/nanopore/dorado0.6.0_sup4.3.0_5mCG_5hmCG/12_12_23_R1041_HPRC_HG00320_2_dorado0.6.0_sup4.3.0_5mCG_5hmCG.bam', 's3://human-pangenomics/working/HPRC/HG00320/raw_data/nanopore/dorado0.6.0_sup4.3.0_5mCG_5hmCG/12_12_23_R1041_HPRC_HG00320_3_dorado0.6.0_sup4.3.0_5mCG_5hmCG.bam']",3,77.44,"[25.12, 26.7, 25.62]",21,R1041,8000,https://raw.githubusercontent.com/mobinasri/flagger/refs/heads/main/misc/alpha_tsv/ONT_R1041_Dorado/alpha_optimum_trunc_exp_gaussian_w_8000_n_50.ONT_R1041_Dorado_DEC_2024.v1.1.0.tsv
HG00321,"['s3://human-pangenomics/working/HPRC/HG00321/raw_data/nanopore/dorado0.6.0_sup4.3.0_5mCG_5hmCG/01_16_24_R1041_HPRC_HG00321_2_dorado0.6.0_sup4.3.0_5mCG_5hmCG.bam', 's3://human-pangenomics/working/HPRC/HG00321/raw_data/nanopore/dorado0.6.0_sup4.3.0_5mCG_5hmCG/01_16_24_R1041_HPRC_HG00321_3_dorado0.6.0_sup4.3.0_5mCG_5hmCG.bam', 's3://human-pangenomics/working/HPRC/HG00321/raw_data/nanopore/dorado0.6.0_sup4.3.0_5mCG_5hmCG/01_16_24_R1041_HPRC_HG00321_1_dorado0.6.0_sup4.3.0_5mCG_5hmCG.bam']",3,74.46,21,lr:hqae,25,"['s3://human-pangenomics/working/HPRC/HG00321/raw_data/nanopore/dorado0.6.0_sup4.3.0_5mCG_5hmCG/11_7_23_R1041_HPRC_HG00321_2_dorado0.6.0_sup4.3.0_5mCG_5hmCG.bam', 's3://human-pangenomics/working/HPRC/HG00321/raw_data/nanopore/dorado0.6.0_sup4.3.0_5mCG_5hmCG/11_7_23_R1041_HPRC_HG00321_3_dorado0.6.0_sup4.3.0_5mCG_5hmCG.bam', 's3://human-pangenomics/working/HPRC/HG00321/raw_data/nanopore/dorado0.6.0_sup4.3.0_5mCG_5hmCG/01_16_24_R1041_HPRC_HG00321_1_dorado0.6.0_sup4.3.0_5mCG_5hmCG.bam', 's3://human-pangenomics/working/HPRC/HG00321/raw_data/nanopore/dorado0.6.0_sup4.3.0_5mCG_5hmCG/11_7_23_R1041_HPRC_HG00321_1_dorado0.6.0_sup4.3.0_5mCG_5hmCG.bam', 's3://human-pangenomics/working/HPRC/HG00321/raw_data/nanopore/dorado0.6.0_sup4.3.0_5mCG_5hmCG/01_16_24_R1041_HPRC_HG00321_3_dorado0.6.0_sup4.3.0_5mCG_5hmCG.bam', 's3://human-pangenomics/working/HPRC/HG00321/raw_data/nanopore/dorado0.6.0_sup4.3.0_5mCG_5hmCG/01_16_24_R1041_HPRC_HG00321_2_dorado0.6.0_sup4.3.0_5mCG_5hmCG.bam']",6,76.88,"[0.52, 0.9, 23.82, 1.0, 24.83, 25.81]",10,R1041,8000,https://raw.githubusercontent.com/mobinasri/flagger/refs/heads/main/misc/alpha_tsv/ONT_R1041_Dorado/alpha_optimum_trunc_exp_gaussian_w_8000_n_50.ONT_R1041_Dorado_DEC_2024.v1.1.0.tsv
HG00323,"['s3://human-pangenomics/working/HPRC/HG00323/raw_data/nanopore/guppy_6/06_28_22_R941_HG00323_2_Guppy_6.5.7_450bps_modbases_5mc_cg_sup_prom_pass.bam', 's3://human-pangenomics/working/HPRC/HG00323/raw_data/nanopore/guppy_6/06_28_22_R941_HG00323_3_Guppy_6.5.7_450bps_modbases_5mc_cg_sup_prom_pass.bam', 's3://human-pangenomics/working/HPRC/HG00323/raw_data/nanopore/guppy_6/06_28_22_R941_HG00323_1_Guppy_6.5.7_450bps_modbases_5mc_cg_sup_prom_pass.bam']",3,60.85,21,map-ont,15,"['s3://human-pangenomics/working/HPRC/HG00323/raw_data/nanopore/guppy_6/06_28_22_R941_HG00323_1_Guppy_6.5.7_450bps_modbases_5mc_cg_sup_prom_pass.bam', 's3://human-pangenomics/working/HPRC/HG00323/raw_data/nanopore/guppy_6/06_28_22_R941_HG00323_2_Guppy_6.5.7_450bps_modbases_5mc_cg_sup_prom_pass.bam', 's3://human-pangenomics/working/HPRC/HG00323/raw_data/nanopore/guppy_6/06_28_22_R941_HG00323_3_Guppy_6.5.7_450bps_modbases_5mc_cg_sup_prom_pass.bam']",3,60.85,"[17.7, 22.04, 21.11]",21,R941,16000,https://raw.githubusercontent.com/mobinasri/flagger/refs/heads/main/misc/alpha_tsv/ONT_R941_Guppy6.3.7/alpha_optimum_trunc_exp_gaussian_w_16000_n_50.ONT_R941_Guppy6.3.7_DEC_2024.v1.1.0.tsv
HG00329,"['s3://human-pangenomics/working/HPRC/HG00329/raw_data/nanopore/dorado0.6.0_sup4.3.0_5mCG_5hmCG/10_24_23_R1041_HPRC_HG00329_3_dorado0.6.0_sup4.3.0_5mCG_5hmCG.bam', 's3://human-pangenomics/working/HPRC/HG00329/raw_data/nanopore/dorado0.6.0_sup4.3.0_5mCG_5hmCG/10_24_23_R1041_HPRC_HG00329_2_dorado0.6.0_sup4.3.0_5mCG_5hmCG.bam']",2,65.6,32,lr:hqae,25,"['s3://human-pangenomics/working/HPRC/HG00329/raw_data/nanopore/dorado0.6.0_sup4.3.0_5mCG_5hmCG/10_24_23_R1041_HPRC_HG00329_1_dorado0.6.0_sup4.3.0_5mCG_5hmCG.bam', 's3://human-pangenomics/working/HPRC/HG00329/raw_data/nanopore/dorado0.6.0_sup4.3.0_5mCG_5hmCG/10_24_23_R1041_HPRC_HG00329_3_dorado0.6.0_sup4.3.0_5mCG_5hmCG.bam', 's3://human-pangenomics/working/HPRC/HG00329/raw_data/nanopore/dorado0.6.0_sup4.3.0_5mCG_5hmCG/10_24_23_R1041_HPRC_HG00329_2_dorado0.6.0_sup4.3.0_5mCG_5hmCG.bam']",3,90.65,"[25.05, 34.92, 30.68]",21,R1041,8000,https://raw.githubusercontent.com/mobinasri/flagger/refs/heads/main/misc/alpha_tsv/ONT_R1041_Dorado/alpha_optimum_trunc_exp_gaussian_w_8000_n_50.ONT_R1041_Dorado_DEC_2024.v1.1.0.tsv
HG00344,"['s3://human-pangenomics/working/HPRC/HG00344/raw_data/nanopore/dorado0.6.0_sup4.3.0_5mCG_5hmCG/10_31_23_R1041_HPRC_HG00344_1_dorado0.6.0_sup4.3.0_5mCG_5hmCG.bam', 's3://human-pangenomics/working/HPRC/HG00344/raw_data/nanopore/dorado0.6.0_sup4.3.0_5mCG_5hmCG/10_31_23_R1041_HPRC_HG00344_2_dorado0.6.0_sup4.3.0_5mCG_5hmCG.bam', 's3://human-pangenomics/working/HPRC/HG00344/raw_data/nanopore/dorado0.6.0_sup4.3.0_5mCG_5hmCG/10_31_23_R1041_HPRC_HG00344_3_dorado0.6.0_sup4.3.0_5mCG_5hmCG.bam']",3,50.77,21,lr:hqae,25,"['s3://human-pangenomics/working/HPRC/HG00344/raw_data/nanopore/dorado0.6.0_sup4.3.0_5mCG_5hmCG/10_31_23_R1041_HPRC_HG00344_1_dorado0.6.0_sup4.3.0_5mCG_5hmCG.bam', 's3://human-pangenomics/working/HPRC/HG00344/raw_data/nanopore/dorado0.6.0_sup4.3.0_5mCG_5hmCG/10_31_23_R1041_HPRC_HG00344_2_dorado0.6.0_sup4.3.0_5mCG_5hmCG.bam', 's3://human-pangenomics/working/HPRC/HG00344/raw_data/nanopore/dorado0.6.0_sup4.3.0_5mCG_5hmCG/10_31_23_R1041_HPRC_HG00344_3_dorado0.6.0_sup4.3.0_5mCG_5hmCG.bam']",3,50.77,"[19.17, 16.06, 15.54]",21,R1041,8000,https://raw.githubusercontent.com/mobinasri/flagger/refs/heads/main/misc/alpha_tsv/ONT_R1041_Dorado/alpha_optimum_trunc_exp_gaussian_w_8000_n_50.ONT_R1041_Dorado_DEC_2024.v1.1.0.tsv
HG00350,"['s3://human-pangenomics/working/HPRC/HG00350/raw_data/nanopore/dorado0.6.0_sup4.3.0_5mCG_5hmCG/10_24_23_R1041_HPRC_HG00350_3_dorado0.6.0_sup4.3.0_5mCG_5hmCG.bam', 's3://human-pangenomics/working/HPRC/HG00350/raw_data/nanopore/dorado0.6.0_sup4.3.0_5mCG_5hmCG/10_24_23_R1041_HPRC_HG00350_2_dorado0.6.0_sup4.3.0_5mCG_5hmCG.bam', 's3://human-pangenomics/working/HPRC/HG00350/raw_data/nanopore/dorado0.6.0_sup4.3.0_5mCG_5hmCG/10_24_23_R1041_HPRC_HG00350_1_dorado0.6.0_sup4.3.0_5mCG_5hmCG.bam']",3,80.15,21,lr:hqae,25,"['s3://human-pangenomics/working/HPRC/HG00350/raw_data/nanopore/dorado0.6.0_sup4.3.0_5mCG_5hmCG/10_24_23_R1041_HPRC_HG00350_2_dorado0.6.0_sup4.3.0_5mCG_5hmCG.bam', 's3://human-pangenomics/working/HPRC/HG00350/raw_data/nanopore/dorado0.6.0_sup4.3.0_5mCG_5hmCG/10_24_23_R1041_HPRC_HG00350_3_dorado0.6.0_sup4.3.0_5mCG_5hmCG.bam', 's3://human-pangenomics/working/HPRC/HG00350/raw_data/nanopore/dorado0.6.0_sup4.3.0_5mCG_5hmCG/10_24_23_R1041_HPRC_HG00350_1_dorado0.6.0_sup4.3.0_5mCG_5hmCG.bam']",3,80.15,"[26.78, 29.91, 23.46]",21,R1041,8000,https://raw.githubusercontent.com/mobinasri/flagger/refs/heads/main/misc/alpha_tsv/ONT_R1041_Dorado/alpha_optimum_trunc_exp_gaussian_w_8000_n_50.ONT_R1041_Dorado_DEC_2024.v1.1.0.tsv
HG00384,"['s3://human-pangenomics/working/HPRC/HG00384/raw_data/nanopore/dorado0.6.0_sup4.3.0_5mCG_5hmCG/10_24_23_R1041_HPRC_HG00384_3_dorado0.6.0_sup4.3.0_5mCG_5hmCG.bam', 's3://human-pangenomics/working/HPRC/HG00384/raw_data/nanopore/dorado0.6.0_sup4.3.0_5mCG_5hmCG/10_24_23_R1041_HPRC_HG00384_2_dorado0.6.0_sup4.3.0_5mCG_5hmCG.bam']",2,63.07,32,lr:hqae,25,"['s3://human-pangenomics/working/HPRC/HG00384/raw_data/nanopore/dorado0.6.0_sup4.3.0_5mCG_5hmCG/10_24_23_R1041_HPRC_HG00384_1_dorado0.6.0_sup4.3.0_5mCG_5hmCG.bam', 's3://human-pangenomics/working/HPRC/HG00384/raw_data/nanopore/dorado0.6.0_sup4.3.0_5mCG_5hmCG/10_24_23_R1041_HPRC_HG00384_3_dorado0.6.0_sup4.3.0_5mCG_5hmCG.bam', 's3://human-pangenomics/working/HPRC/HG00384/raw_data/nanopore/dorado0.6.0_sup4.3.0_5mCG_5hmCG/10_24_23_R1041_HPRC_HG00384_2_dorado0.6.0_sup4.3.0_5mCG_5hmCG.bam']",3,85.54,"[22.47, 34.05, 29.02]",21,R1041,8000,https://raw.githubusercontent.com/mobinasri/flagger/refs/heads/main/misc/alpha_tsv/ONT_R1041_Dorado/alpha_optimum_trunc_exp_gaussian_w_8000_n_50.ONT_R1041_Dorado_DEC_2024.v1.1.0.tsv
HG00408,"['s3://human-pangenomics/working/HPRC/HG00408/raw_data/nanopore/guppy_6/07_27_21_R941_HG00408_1_Guppy_6.5.7_450bps_modbases_5mc_cg_sup_prom_pass.bam', 's3://human-pangenomics/working/HPRC/HG00408/raw_data/nanopore/guppy_6/07_27_21_R941_HG00408_3_Guppy_6.5.7_450bps_modbases_5mc_cg_sup_prom_pass.bam', 's3://human-pangenomics/working/HPRC/HG00408/raw_data/nanopore/guppy_6/07_27_21_R941_HG00408_2_Guppy_6.5.7_450bps_modbases_5mc_cg_sup_prom_pass.bam']",3,71.69,21,map-ont,15,"['s3://human-pangenomics/working/HPRC/HG00408/raw_data/nanopore/guppy_6/07_27_21_R941_HG00408_1_Guppy_6.5.7_450bps_modbases_5mc_cg_sup_prom_pass.bam', 's3://human-pangenomics/working/HPRC/HG00408/raw_data/nanopore/guppy_6/07_27_21_R941_HG00408_2_Guppy_6.5.7_450bps_modbases_5mc_cg_sup_prom_pass.bam', 's3://human-pangenomics/working/HPRC/HG00408/raw_data/nanopore/guppy_6/07_27_21_R941_HG00408_3_Guppy_6.5.7_450bps_modbases_5mc_cg_sup_prom_pass.bam']",3,71.69,"[34.2, 12.32, 25.17]",21,R941,16000,https://raw.githubusercontent.com/mobinasri/flagger/refs/heads/main/misc/alpha_tsv/ONT_R941_Guppy6.3.7/alpha_optimum_trunc_exp_gaussian_w_16000_n_50.ONT_R941_Guppy6.3.7_DEC_2024.v1.1.0.tsv
HG00423,"['s3://human-pangenomics/working/HPRC/HG00423/raw_data/nanopore/guppy_6/12_08_21_R941_HG00423_1_Guppy_6.4.6_450bps_modbases_5mc_cg_sup_prom_pass.bam', 's3://human-pangenomics/working/HPRC/HG00423/raw_data/nanopore/guppy_6/12_08_21_R941_HG00423_3_Guppy_6.4.6_450bps_modbases_5mc_cg_sup_prom_pass.bam', 's3://human-pangenomics/working/HPRC/HG00423/raw_data/nanopore/guppy_6/12_08_21_R941_HG00423_2_Guppy_6.4.6_450bps_modbases_5mc_cg_sup_prom_pass.bam']",3,60.44,21,map-ont,15,"['s3://human-pangenomics/working/HPRC/HG00423/raw_data/nanopore/guppy_6/12_08_21_R941_HG00423_1_Guppy_6.4.6_450bps_modbases_5mc_cg_sup_prom_pass.bam', 's3://human-pangenomics/working/HPRC/HG00423/raw_data/nanopore/guppy_6/12_08_21_R941_HG00423_2_Guppy_6.4.6_450bps_modbases_5mc_cg_sup_prom_pass.bam', 's3://human-pangenomics/working/HPRC/HG00423/raw_data/nanopore/guppy_6/12_08_21_R941_HG00423_3_Guppy_6.4.6_450bps_modbases_5mc_cg_sup_prom_pass.bam']",3,60.44,"[21.03, 18.61, 20.8]",21,R941,16000,https://raw.githubusercontent.com/mobinasri/flagger/refs/heads/main/misc/alpha_tsv/ONT_R941_Guppy6.3.7/alpha_optimum_trunc_exp_gaussian_w_16000_n_50.ONT_R941_Guppy6.3.7_DEC_2024.v1.1.0.tsv
HG00438,"['s3://human-pangenomics/working/HPRC/HG00438/raw_data/nanopore/guppy_6/HG00438_PAM61591_Guppy_6.5.7_450bps_modbases_5mc_cg_sup_prom_pass.bam', 's3://human-pangenomics/working/HPRC/HG00438/raw_data/nanopore/guppy_6/HG00438_PAM57552_Guppy_6.5.7_450bps_modbases_5mc_cg_sup_prom_pass.bam', 's3://human-pangenomics/working/HPRC/HG00438/raw_data/nanopore/guppy_6/HG00438_PAM53001_Guppy_6.5.7_450bps_modbases_5mc_cg_sup_prom_pass.bam', 's3://human-pangenomics/working/HPRC/HG00438/raw_data/nanopore/guppy_6/HG00438_PAK20493_Guppy_6.5.7_450bps_modbases_5mc_cg_sup_prom_pass.bam']",4,68.54,16,map-ont,15,"['s3://human-pangenomics/working/HPRC/HG00438/raw_data/nanopore/guppy_6/HG00438_1_Guppy_6.5.7_450bps_modbases_5mc_cg_sup_prom_pass.bam', 's3://human-pangenomics/working/HPRC/HG00438/raw_data/nanopore/guppy_6/HG00438_3_Guppy_6.5.7_450bps_modbases_5mc_cg_sup_prom_pass.bam', 's3://human-pangenomics/working/HPRC/HG00438/raw_data/nanopore/guppy_6/HG00438_5_Guppy_6.5.7_450bps_modbases_5mc_cg_sup_prom_pass.bam', 's3://human-pangenomics/working/HPRC/HG00438/raw_data/nanopore/guppy_6/HG00438_PAK20493_Guppy_6.5.7_450bps_modbases_5mc_cg_sup_prom_pass.bam', 's3://human-pangenomics/working/HPRC/HG00438/raw_data/nanopore/guppy_6/HG00438_PAM33067_Guppy_6.5.7_450bps_modbases_5mc_cg_sup_prom_pass.bam', 's3://human-pangenomics/working/HPRC/HG00438/raw_data/nanopore/guppy_6/HG00438_PAM53001_Guppy_6.5.7_450bps_modbases_5mc_cg_sup_prom_pass.bam', 's3://human-pangenomics/working/HPRC/HG00438/raw_data/nanopore/guppy_6/HG00438_PAM54620_Guppy_6.5.7_450bps_modbases_5mc_cg_sup_prom_pass.bam', 's3://human-pangenomics/working/HPRC/HG00438/raw_data/nanopore/guppy_6/HG00438_PAM54727_Guppy_6.5.7_450bps_modbases_5mc_cg_sup_prom_pass.bam', 's3://human-pangenomics/working/HPRC/HG00438/raw_data/nanopore/guppy_6/HG00438_PAM57552_Guppy_6.5.7_450bps_modbases_5mc_cg_sup_prom_pass.bam', 's3://human-pangenomics/working/HPRC/HG00438/raw_data/nanopore/guppy_6/HG00438_PAM61591_Guppy_6.5.7_450bps_modbases_5mc_cg_sup_prom_pass.bam']",10,136.65,"[11.58, 10.73, 12.37, 13.42, 8.81, 16.42, 12.12, 12.5, 19.3, 19.4]",6,R941,16000,https://raw.githubusercontent.com/mobinasri/flagger/refs/heads/main/misc/alpha_tsv/ONT_R941_Guppy6.3.7/alpha_optimum_trunc_exp_gaussian_w_16000_n_50.ONT_R941_Guppy6.3.7_DEC_2024.v1.1.0.tsv
HG00544,"['s3://human-pangenomics/working/HPRC/HG00544/raw_data/nanopore/guppy_6/07_13_21_R941_HG00544_1_Guppy_6.4.6_450bps_modbases_5mc_cg_sup_prom_pass.bam', 's3://human-pangenomics/working/HPRC/HG00544/raw_data/nanopore/guppy_6/07_13_21_R941_HG00544_3_Guppy_6.4.6_450bps_modbases_5mc_cg_sup_prom_pass.bam', 's3://human-pangenomics/working/HPRC/HG00544/raw_data/nanopore/guppy_6/07_13_21_R941_HG00544_2_Guppy_6.4.6_450bps_modbases_5mc_cg_sup_prom_pass.bam']",3,68.47,21,map-ont,15,"['s3://human-pangenomics/working/HPRC/HG00544/raw_data/nanopore/guppy_6/07_13_21_R941_HG00544_1_Guppy_6.4.6_450bps_modbases_5mc_cg_sup_prom_pass.bam', 's3://human-pangenomics/working/HPRC/HG00544/raw_data/nanopore/guppy_6/07_13_21_R941_HG00544_2_Guppy_6.4.6_450bps_modbases_5mc_cg_sup_prom_pass.bam', 's3://human-pangenomics/working/HPRC/HG00544/raw_data/nanopore/guppy_6/07_13_21_R941_HG00544_3_Guppy_6.4.6_450bps_modbases_5mc_cg_sup_prom_pass.bam']",3,68.47,"[23.9, 21.4, 23.17]",21,R941,16000,https://raw.githubusercontent.com/mobinasri/flagger/refs/heads/main/misc/alpha_tsv/ONT_R941_Guppy6.3.7/alpha_optimum_trunc_exp_gaussian_w_16000_n_50.ONT_R941_Guppy6.3.7_DEC_2024.v1.1.0.tsv
HG00558,"['s3://human-pangenomics/working/HPRC/HG00558/raw_data/nanopore/guppy_6/02_08_22_R941_HG00558_3_Guppy_6.5.7_450bps_modbases_5mc_cg_sup_prom_pass.bam', 's3://human-pangenomics/working/HPRC/HG00558/raw_data/nanopore/guppy_6/02_08_22_R941_HG00558_1_Guppy_6.5.7_450bps_modbases_5mc_cg_sup_prom_pass.bam', 's3://human-pangenomics/working/HPRC/HG00558/raw_data/nanopore/guppy_6/02_08_22_R941_HG00558_2_Guppy_6.5.7_450bps_modbases_5mc_cg_sup_prom_pass.bam']",3,54.43,21,map-ont,15,"['s3://human-pangenomics/working/HPRC/HG00558/raw_data/nanopore/guppy_6/02_08_22_R941_HG00558_1_Guppy_6.5.7_450bps_modbases_5mc_cg_sup_prom_pass.bam', 's3://human-pangenomics/working/HPRC/HG00558/raw_data/nanopore/guppy_6/02_08_22_R941_HG00558_2_Guppy_6.5.7_450bps_modbases_5mc_cg_sup_prom_pass.bam', 's3://human-pangenomics/working/HPRC/HG00558/raw_data/nanopore/guppy_6/02_08_22_R941_HG00558_3_Guppy_6.5.7_450bps_modbases_5mc_cg_sup_prom_pass.bam']",3,54.43,"[19.44, 15.29, 19.7]",21,R941,16000,https://raw.githubusercontent.com/mobinasri/flagger/refs/heads/main/misc/alpha_tsv/ONT_R941_Guppy6.3.7/alpha_optimum_trunc_exp_gaussian_w_16000_n_50.ONT_R941_Guppy6.3.7_DEC_2024.v1.1.0.tsv
HG00597,"['s3://human-pangenomics/working/HPRC/HG00597/raw_data/nanopore/guppy_6/07_27_21_R941_HG00597_2_Guppy_6.5.7_450bps_modbases_5mc_cg_sup_prom_pass.bam', 's3://human-pangenomics/working/HPRC/HG00597/raw_data/nanopore/guppy_6/07_27_21_R941_HG00597_1_Guppy_6.5.7_450bps_modbases_5mc_cg_sup_prom_pass.bam']",2,71.77,32,map-ont,15,"['s3://human-pangenomics/working/HPRC/HG00597/raw_data/nanopore/guppy_6/07_27_21_R941_HG00597_1_Guppy_6.5.7_450bps_modbases_5mc_cg_sup_prom_pass.bam', 's3://human-pangenomics/working/HPRC/HG00597/raw_data/nanopore/guppy_6/07_27_21_R941_HG00597_2_Guppy_6.5.7_450bps_modbases_5mc_cg_sup_prom_pass.bam', 's3://human-pangenomics/working/HPRC/HG00597/raw_data/nanopore/guppy_6/07_27_21_R941_HG00597_3_Guppy_6.5.7_450bps_modbases_5mc_cg_sup_prom_pass.bam', 's3://human-pangenomics/working/HPRC/HG00597/raw_data/nanopore/guppy_6/07_27_21_R941_HG00597_4_Guppy_6.5.7_450bps_modbases_5mc_cg_sup_prom_pass.bam']",4,83.3,"[35.47, 36.3, 4.3, 7.23]",16,R941,16000,https://raw.githubusercontent.com/mobinasri/flagger/refs/heads/main/misc/alpha_tsv/ONT_R941_Guppy6.3.7/alpha_optimum_trunc_exp_gaussian_w_16000_n_50.ONT_R941_Guppy6.3.7_DEC_2024.v1.1.0.tsv
HG00609,"['s3://human-pangenomics/working/HPRC/HG00609/raw_data/nanopore/guppy_6/08_10_21_R941_HG00609_2_Guppy_6.4.6_450bps_modbases_5mc_cg_sup_prom_pass.bam', 's3://human-pangenomics/working/HPRC/HG00609/raw_data/nanopore/guppy_6/08_10_21_R941_HG00609_3_Guppy_6.4.6_450bps_modbases_5mc_cg_sup_prom_pass.bam']",2,60.9,32,map-ont,15,"['s3://human-pangenomics/working/HPRC/HG00609/raw_data/nanopore/guppy_6/08_10_21_R941_HG00609_1_Guppy_6.4.6_450bps_modbases_5mc_cg_sup_prom_pass.bam', 's3://human-pangenomics/working/HPRC/HG00609/raw_data/nanopore/guppy_6/08_10_21_R941_HG00609_2_Guppy_6.4.6_450bps_modbases_5mc_cg_sup_prom_pass.bam', 's3://human-pangenomics/working/HPRC/HG00609/raw_data/nanopore/guppy_6/08_10_21_R941_HG00609_3_Guppy_6.4.6_450bps_modbases_5mc_cg_sup_prom_pass.bam']",3,89.15,"[28.25, 32.14, 28.76]",21,R941,16000,https://raw.githubusercontent.com/mobinasri/flagger/refs/heads/main/misc/alpha_tsv/ONT_R941_Guppy6.3.7/alpha_optimum_trunc_exp_gaussian_w_16000_n_50.ONT_R941_Guppy6.3.7_DEC_2024.v1.1.0.tsv
HG00621,"['s3://human-pangenomics/working/HPRC/HG00621/raw_data/nanopore/guppy_6/03_14_23_R941_HG00621_1_Guppy_6.5.7_450bps_modbases_5mc_cg_sup_prom_pass.bam', 's3://human-pangenomics/working/HPRC/HG00621/raw_data/nanopore/guppy_6/03_14_23_R941_HG00621_2_Guppy_6.5.7_450bps_modbases_5mc_cg_sup_prom_pass.bam', 's3://human-pangenomics/working/HPRC/HG00621/raw_data/nanopore/guppy_6/HG00621_1_Guppy_6.5.7_450bps_modbases_5mc_cg_sup_prom_pass.bam', 's3://human-pangenomics/working/HPRC/HG00621/raw_data/nanopore/guppy_6/HG00621_5_Guppy_6.5.7_450bps_modbases_5mc_cg_sup_prom_pass.bam']",4,60.64,16,map-ont,15,"['s3://human-pangenomics/working/HPRC/HG00621/raw_data/nanopore/guppy_6/03_14_23_R941_HG00621_1_Guppy_6.5.7_450bps_modbases_5mc_cg_sup_prom_pass.bam', 's3://human-pangenomics/working/HPRC/HG00621/raw_data/nanopore/guppy_6/03_14_23_R941_HG00621_2_Guppy_6.5.7_450bps_modbases_5mc_cg_sup_prom_pass.bam', 's3://human-pangenomics/working/HPRC/HG00621/raw_data/nanopore/guppy_6/HG00621_1_Guppy_6.5.7_450bps_modbases_5mc_cg_sup_prom_pass.bam', 's3://human-pangenomics/working/HPRC/HG00621/raw_data/nanopore/guppy_6/HG00621_3_Guppy_6.5.7_450bps_modbases_5mc_cg_sup_prom_pass.bam', 's3://human-pangenomics/working/HPRC/HG00621/raw_data/nanopore/guppy_6/HG00621_5_Guppy_6.5.7_450bps_modbases_5mc_cg_sup_prom_pass.bam']",5,66.23,"[20.57, 18.99, 13.75, 5.59, 7.33]",12,R941,16000,https://raw.githubusercontent.com/mobinasri/flagger/refs/heads/main/misc/alpha_tsv/ONT_R941_Guppy6.3.7/alpha_optimum_trunc_exp_gaussian_w_16000_n_50.ONT_R941_Guppy6.3.7_DEC_2024.v1.1.0.tsv
HG00639,"['s3://human-pangenomics/working/HPRC/HG00639/raw_data/nanopore/guppy_6/03_01_22_R941_HG00639_1_Guppy_6.5.7_450bps_modbases_5mc_cg_sup_prom_pass.bam', 's3://human-pangenomics/working/HPRC/HG00639/raw_data/nanopore/guppy_6/03_01_22_R941_HG00639_2_Guppy_6.5.7_450bps_modbases_5mc_cg_sup_prom_pass.bam']",2,60.24,32,map-ont,15,"['s3://human-pangenomics/working/HPRC/HG00639/raw_data/nanopore/guppy_6/03_01_22_R941_HG00639_1_Guppy_6.5.7_450bps_modbases_5mc_cg_sup_prom_pass.bam', 's3://human-pangenomics/working/HPRC/HG00639/raw_data/nanopore/guppy_6/03_01_22_R941_HG00639_2_Guppy_6.5.7_450bps_modbases_5mc_cg_sup_prom_pass.bam', 's3://human-pangenomics/working/HPRC/HG00639/raw_data/nanopore/guppy_6/03_01_22_R941_HG00639_3_Guppy_6.5.7_450bps_modbases_5mc_cg_sup_prom_pass.bam']",3,85.77,"[30.82, 29.42, 25.53]",21,R941,16000,https://raw.githubusercontent.com/mobinasri/flagger/refs/heads/main/misc/alpha_tsv/ONT_R941_Guppy6.3.7/alpha_optimum_trunc_exp_gaussian_w_16000_n_50.ONT_R941_Guppy6.3.7_DEC_2024.v1.1.0.tsv
HG00642,"['s3://human-pangenomics/working/HPRC/HG00642/raw_data/nanopore/guppy_6/08_10_21_R941_HG00642_3_Guppy_6.5.7_450bps_modbases_5mc_cg_sup_prom_pass.bam', 's3://human-pangenomics/working/HPRC/HG00642/raw_data/nanopore/guppy_6/08_10_21_R941_HG00642_2_Guppy_6.5.7_450bps_modbases_5mc_cg_sup_prom_pass.bam', 's3://human-pangenomics/working/HPRC/HG00642/raw_data/nanopore/guppy_6/08_10_21_R941_HG00642_1_Guppy_6.4.6_450bps_modbases_5mc_cg_sup_prom_pass.bam']",3,66.83,21,map-ont,15,"['s3://human-pangenomics/working/HPRC/HG00642/raw_data/nanopore/guppy_6/08_10_21_R941_HG00642_2_Guppy_6.5.7_450bps_modbases_5mc_cg_sup_prom_pass.bam', 's3://human-pangenomics/working/HPRC/HG00642/raw_data/nanopore/guppy_6/08_10_21_R941_HG00642_3_Guppy_6.5.7_450bps_modbases_5mc_cg_sup_prom_pass.bam', 's3://human-pangenomics/working/HPRC/HG00642/raw_data/nanopore/guppy_6/08_10_21_R941_HG00642_1_Guppy_6.4.6_450bps_modbases_5mc_cg_sup_prom_pass.bam']",3,66.83,"[20.8, 27.68, 18.35]",21,R941,16000,https://raw.githubusercontent.com/mobinasri/flagger/refs/heads/main/misc/alpha_tsv/ONT_R941_Guppy6.3.7/alpha_optimum_trunc_exp_gaussian_w_16000_n_50.ONT_R941_Guppy6.3.7_DEC_2024.v1.1.0.tsv
HG00658,"['s3://human-pangenomics/working/HPRC/HG00658/raw_data/nanopore/guppy_6/02_15_22_R941_HG00658_2_Guppy_6.5.7_450bps_modbases_5mc_cg_sup_prom_pass.bam', 's3://human-pangenomics/working/HPRC/HG00658/raw_data/nanopore/guppy_6/02_15_22_R941_HG00658_3_Guppy_6.5.7_450bps_modbases_5mc_cg_sup_prom_pass.bam', 's3://human-pangenomics/working/HPRC/HG00658/raw_data/nanopore/guppy_6/02_15_22_R941_HG00658_1_Guppy_6.5.7_450bps_modbases_5mc_cg_sup_prom_pass.bam']",3,68.25,21,map-ont,15,"['s3://human-pangenomics/working/HPRC/HG00658/raw_data/nanopore/guppy_6/02_15_22_R941_HG00658_1_Guppy_6.5.7_450bps_modbases_5mc_cg_sup_prom_pass.bam', 's3://human-pangenomics/working/HPRC/HG00658/raw_data/nanopore/guppy_6/02_15_22_R941_HG00658_2_Guppy_6.5.7_450bps_modbases_5mc_cg_sup_prom_pass.bam', 's3://human-pangenomics/working/HPRC/HG00658/raw_data/nanopore/guppy_6/02_15_22_R941_HG00658_3_Guppy_6.5.7_450bps_modbases_5mc_cg_sup_prom_pass.bam']",3,68.25,"[20.87, 26.29, 21.09]",21,R941,16000,https://raw.githubusercontent.com/mobinasri/flagger/refs/heads/main/misc/alpha_tsv/ONT_R941_Guppy6.3.7/alpha_optimum_trunc_exp_gaussian_w_16000_n_50.ONT_R941_Guppy6.3.7_DEC_2024.v1.1.0.tsv
HG00662,"['s3://human-pangenomics/working/HPRC/HG00662/raw_data/nanopore/dorado0.6.0_sup4.3.0_5mCG_5hmCG/08_29_23_R1041_HPRC_HG00662_2_dorado0.6.0_sup4.3.0_5mCG_5hmCG.bam', 's3://human-pangenomics/working/HPRC/HG00662/raw_data/nanopore/dorado0.6.0_sup4.3.0_5mCG_5hmCG/08_29_23_R1041_HPRC_HG00662_1_dorado0.6.0_sup4.3.0_5mCG_5hmCG.bam', 's3://human-pangenomics/working/HPRC/HG00662/raw_data/nanopore/dorado0.6.0_sup4.3.0_5mCG_5hmCG/08_29_23_R1041_HPRC_HG00662_3_dorado0.6.0_sup4.3.0_5mCG_5hmCG.bam']",3,62.49,21,lr:hqae,25,"['s3://human-pangenomics/working/HPRC/HG00662/raw_data/nanopore/dorado0.6.0_sup4.3.0_5mCG_5hmCG/08_29_23_R1041_HPRC_HG00662_3_dorado0.6.0_sup4.3.0_5mCG_5hmCG.bam', 's3://human-pangenomics/working/HPRC/HG00662/raw_data/nanopore/dorado0.6.0_sup4.3.0_5mCG_5hmCG/08_29_23_R1041_HPRC_HG00662_2_dorado0.6.0_sup4.3.0_5mCG_5hmCG.bam', 's3://human-pangenomics/working/HPRC/HG00662/raw_data/nanopore/dorado0.6.0_sup4.3.0_5mCG_5hmCG/08_29_23_R1041_HPRC_HG00662_1_dorado0.6.0_sup4.3.0_5mCG_5hmCG.bam']",3,62.49,"[19.62, 21.72, 21.15]",21,R1041,8000,https://raw.githubusercontent.com/mobinasri/flagger/refs/heads/main/misc/alpha_tsv/ONT_R1041_Dorado/alpha_optimum_trunc_exp_gaussian_w_8000_n_50.ONT_R1041_Dorado_DEC_2024.v1.1.0.tsv
HG00673,"['s3://human-pangenomics/working/HPRC/HG00673/raw_data/nanopore/guppy_6/1_11_23_R941_HG00673_1_Guppy_6.5.7_450bps_modbases_5mc_cg_sup_prom_pass.bam', 's3://human-pangenomics/working/HPRC/HG00673/raw_data/nanopore/guppy_6/1_11_23_R941_HG00673_2_Guppy_6.5.7_450bps_modbases_5mc_cg_sup_prom_pass.bam', 's3://human-pangenomics/working/HPRC/HG00673/raw_data/nanopore/guppy_6/HG00673_3_Guppy_6.5.7_450bps_modbases_5mc_cg_sup_prom_pass.bam', 's3://human-pangenomics/working/HPRC/HG00673/raw_data/nanopore/guppy_6/HG00673_1_Guppy_6.5.7_450bps_modbases_5mc_cg_sup_prom_pass.bam', 's3://human-pangenomics/working/HPRC/HG00673/raw_data/nanopore/guppy_6/HG00673_5_Guppy_6.5.7_450bps_modbases_5mc_cg_sup_prom_pass.bam']",5,61.89,12,map-ont,15,"['s3://human-pangenomics/working/HPRC/HG00673/raw_data/nanopore/guppy_6/1_11_23_R941_HG00673_1_Guppy_6.5.7_450bps_modbases_5mc_cg_sup_prom_pass.bam', 's3://human-pangenomics/working/HPRC/HG00673/raw_data/nanopore/guppy_6/1_11_23_R941_HG00673_2_Guppy_6.5.7_450bps_modbases_5mc_cg_sup_prom_pass.bam', 's3://human-pangenomics/working/HPRC/HG00673/raw_data/nanopore/guppy_6/HG00673_1_Guppy_6.5.7_450bps_modbases_5mc_cg_sup_prom_pass.bam', 's3://human-pangenomics/working/HPRC/HG00673/raw_data/nanopore/guppy_6/HG00673_3_Guppy_6.5.7_450bps_modbases_5mc_cg_sup_prom_pass.bam', 's3://human-pangenomics/working/HPRC/HG00673/raw_data/nanopore/guppy_6/HG00673_5_Guppy_6.5.7_450bps_modbases_5mc_cg_sup_prom_pass.bam']",5,61.89,"[17.46, 15.78, 9.64, 10.33, 8.68]",12,R941,16000,https://raw.githubusercontent.com/mobinasri/flagger/refs/heads/main/misc/alpha_tsv/ONT_R941_Guppy6.3.7/alpha_optimum_trunc_exp_gaussian_w_16000_n_50.ONT_R941_Guppy6.3.7_DEC_2024.v1.1.0.tsv
HG00701,"['s3://human-pangenomics/working/HPRC/HG00701/raw_data/nanopore/dorado0.6.0_sup4.3.0_5mCG_5hmCG/10_10_23_R1041_HPRC_HG00701_5_dorado0.6.0_sup4.3.0_5mCG_5hmCG.bam', 's3://human-pangenomics/working/HPRC/HG00701/raw_data/nanopore/dorado0.6.0_sup4.3.0_5mCG_5hmCG/10_10_23_R1041_HPRC_HG00701_4_dorado0.6.0_sup4.3.0_5mCG_5hmCG.bam', 's3://human-pangenomics/working/HPRC/HG00701/raw_data/nanopore/dorado0.6.0_sup4.3.0_5mCG_5hmCG/10_10_23_R1041_HPRC_HG00701_6_dorado0.6.0_sup4.3.0_5mCG_5hmCG.bam', 's3://human-pangenomics/working/HPRC/HG00701/raw_data/nanopore/dorado0.6.0_sup4.3.0_5mCG_5hmCG/10_10_23_R1041_HPRC_HG00701_3_dorado0.6.0_sup4.3.0_5mCG_5hmCG.bam', 's3://human-pangenomics/working/HPRC/HG00701/raw_data/nanopore/dorado0.6.0_sup4.3.0_5mCG_5hmCG/10_10_23_R1041_HPRC_HG00701_2_dorado0.6.0_sup4.3.0_5mCG_5hmCG.bam', 's3://human-pangenomics/working/HPRC/HG00701/raw_data/nanopore/dorado0.6.0_sup4.3.0_5mCG_5hmCG/10_10_23_R1041_HPRC_HG00701_1_dorado0.6.0_sup4.3.0_5mCG_5hmCG.bam']",6,56.27,10,lr:hqae,25,"['s3://human-pangenomics/working/HPRC/HG00701/raw_data/nanopore/dorado0.6.0_sup4.3.0_5mCG_5hmCG/10_10_23_R1041_HPRC_HG00701_1_dorado0.6.0_sup4.3.0_5mCG_5hmCG.bam', 's3://human-pangenomics/working/HPRC/HG00701/raw_data/nanopore/dorado0.6.0_sup4.3.0_5mCG_5hmCG/10_10_23_R1041_HPRC_HG00701_5_dorado0.6.0_sup4.3.0_5mCG_5hmCG.bam', 's3://human-pangenomics/working/HPRC/HG00701/raw_data/nanopore/dorado0.6.0_sup4.3.0_5mCG_5hmCG/10_10_23_R1041_HPRC_HG00701_4_dorado0.6.0_sup4.3.0_5mCG_5hmCG.bam', 's3://human-pangenomics/working/HPRC/HG00701/raw_data/nanopore/dorado0.6.0_sup4.3.0_5mCG_5hmCG/10_10_23_R1041_HPRC_HG00701_6_dorado0.6.0_sup4.3.0_5mCG_5hmCG.bam', 's3://human-pangenomics/working/HPRC/HG00701/raw_data/nanopore/dorado0.6.0_sup4.3.0_5mCG_5hmCG/10_10_23_R1041_HPRC_HG00701_2_dorado0.6.0_sup4.3.0_5mCG_5hmCG.bam', 's3://human-pangenomics/working/HPRC/HG00701/raw_data/nanopore/dorado0.6.0_sup4.3.0_5mCG_5hmCG/10_10_23_R1041_HPRC_HG00701_3_dorado0.6.0_sup4.3.0_5mCG_5hmCG.bam']",6,56.27,"[0.26, 18.09, 18.09, 18.06, 0.82, 0.95]",10,R1041,8000,https://raw.githubusercontent.com/mobinasri/flagger/refs/heads/main/misc/alpha_tsv/ONT_R1041_Dorado/alpha_optimum_trunc_exp_gaussian_w_8000_n_50.ONT_R1041_Dorado_DEC_2024.v1.1.0.tsv
HG00706,"['s3://human-pangenomics/working/HPRC/HG00706/raw_data/nanopore/guppy_6/07_13_21_R941_HG00706_2_Guppy_6.4.6_450bps_modbases_5mc_cg_sup_prom_pass.bam', 's3://human-pangenomics/working/HPRC/HG00706/raw_data/nanopore/guppy_6/07_13_21_R941_HG00706_3_Guppy_6.4.6_450bps_modbases_5mc_cg_sup_prom_pass.bam', 's3://human-pangenomics/working/HPRC/HG00706/raw_data/nanopore/guppy_6/07_13_21_R941_HG00706_1_Guppy_6.4.6_450bps_modbases_5mc_cg_sup_prom_pass.bam']",3,72.21,21,map-ont,15,"['s3://human-pangenomics/working/HPRC/HG00706/raw_data/nanopore/guppy_6/07_13_21_R941_HG00706_1_Guppy_6.4.6_450bps_modbases_5mc_cg_sup_prom_pass.bam', 's3://human-pangenomics/working/HPRC/HG00706/raw_data/nanopore/guppy_6/07_13_21_R941_HG00706_2_Guppy_6.4.6_450bps_modbases_5mc_cg_sup_prom_pass.bam', 's3://human-pangenomics/working/HPRC/HG00706/raw_data/nanopore/guppy_6/07_13_21_R941_HG00706_3_Guppy_6.4.6_450bps_modbases_5mc_cg_sup_prom_pass.bam']",3,72.21,"[22.45, 27.23, 22.53]",21,R941,16000,https://raw.githubusercontent.com/mobinasri/flagger/refs/heads/main/misc/alpha_tsv/ONT_R941_Guppy6.3.7/alpha_optimum_trunc_exp_gaussian_w_16000_n_50.ONT_R941_Guppy6.3.7_DEC_2024.v1.1.0.tsv
HG00735,"['s3://human-pangenomics/working/HPRC/HG00735/raw_data/nanopore/guppy_6/04_11_23_R941_HG00735_1_Guppy_6.5.7_450bps_modbases_5mc_cg_sup_prom_pass.bam', 's3://human-pangenomics/working/HPRC/HG00735/raw_data/nanopore/guppy_6/04_11_23_R941_HG00735_2_Guppy_6.5.7_450bps_modbases_5mc_cg_sup_prom_pass.bam', 's3://human-pangenomics/working/HPRC/HG00735/raw_data/nanopore/guppy_6/HG00735_3_Guppy_6.5.7_450bps_modbases_5mc_cg_sup_prom_pass.bam', 's3://human-pangenomics/working/HPRC/HG00735/raw_data/nanopore/guppy_6/HG00735_5_Guppy_6.5.7_450bps_modbases_5mc_cg_sup_prom_pass.bam', 's3://human-pangenomics/working/HPRC/HG00735/raw_data/nanopore/guppy_6/HG00735_1_Guppy_6.5.7_450bps_modbases_5mc_cg_sup_prom_pass.bam']",5,61.05,12,map-ont,15,"['s3://human-pangenomics/working/HPRC/HG00735/raw_data/nanopore/guppy_6/04_11_23_R941_HG00735_1_Guppy_6.5.7_450bps_modbases_5mc_cg_sup_prom_pass.bam', 's3://human-pangenomics/working/HPRC/HG00735/raw_data/nanopore/guppy_6/04_11_23_R941_HG00735_2_Guppy_6.5.7_450bps_modbases_5mc_cg_sup_prom_pass.bam', 's3://human-pangenomics/working/HPRC/HG00735/raw_data/nanopore/guppy_6/04_11_23_R941_HG00735_3_Guppy_6.5.7_450bps_modbases_5mc_cg_sup_prom_pass.bam', 's3://human-pangenomics/working/HPRC/HG00735/raw_data/nanopore/guppy_6/HG00735_1_Guppy_6.5.7_450bps_modbases_5mc_cg_sup_prom_pass.bam', 's3://human-pangenomics/working/HPRC/HG00735/raw_data/nanopore/guppy_6/HG00735_3_Guppy_6.5.7_450bps_modbases_5mc_cg_sup_prom_pass.bam', 's3://human-pangenomics/working/HPRC/HG00735/raw_data/nanopore/guppy_6/HG00735_5_Guppy_6.5.7_450bps_modbases_5mc_cg_sup_prom_pass.bam']",6,66.34,"[20.58, 13.91, 5.29, 7.36, 10.58, 8.62]",10,R941,16000,https://raw.githubusercontent.com/mobinasri/flagger/refs/heads/main/misc/alpha_tsv/ONT_R941_Guppy6.3.7/alpha_optimum_trunc_exp_gaussian_w_16000_n_50.ONT_R941_Guppy6.3.7_DEC_2024.v1.1.0.tsv
HG00738,"['s3://human-pangenomics/working/HPRC/HG00738/raw_data/nanopore/guppy_6/06_22_21_R941_HG00738_1_Guppy_6.4.6_450bps_modbases_5mc_cg_sup_prom_pass.bam', 's3://human-pangenomics/working/HPRC/HG00738/raw_data/nanopore/guppy_6/07_13_21_R941_HG00738_3_Guppy_6.4.6_450bps_modbases_5mc_cg_sup_prom_pass.bam', 's3://human-pangenomics/working/HPRC/HG00738/raw_data/nanopore/guppy_6/07_13_21_R941_HG00738_2_Guppy_6.4.6_450bps_modbases_5mc_cg_sup_prom_pass.bam']",3,78.37,21,map-ont,15,"['s3://human-pangenomics/working/HPRC/HG00738/raw_data/nanopore/guppy_6/06_22_21_R941_HG00738_1_Guppy_6.4.6_450bps_modbases_5mc_cg_sup_prom_pass.bam', 's3://human-pangenomics/working/HPRC/HG00738/raw_data/nanopore/guppy_6/07_13_21_R941_HG00738_2_Guppy_6.4.6_450bps_modbases_5mc_cg_sup_prom_pass.bam', 's3://human-pangenomics/working/HPRC/HG00738/raw_data/nanopore/guppy_6/07_13_21_R941_HG00738_3_Guppy_6.4.6_450bps_modbases_5mc_cg_sup_prom_pass.bam']",3,78.37,"[27.9, 23.78, 26.69]",21,R941,16000,https://raw.githubusercontent.com/mobinasri/flagger/refs/heads/main/misc/alpha_tsv/ONT_R941_Guppy6.3.7/alpha_optimum_trunc_exp_gaussian_w_16000_n_50.ONT_R941_Guppy6.3.7_DEC_2024.v1.1.0.tsv
HG00741,"['s3://human-pangenomics/working/HPRC/HG00741/raw_data/nanopore/guppy_6/1_11_23_R941_HG00741_2_Guppy_6.5.7_450bps_modbases_5mc_cg_sup_prom_pass.bam', 's3://human-pangenomics/working/HPRC/HG00741/raw_data/nanopore/guppy_6/1_11_23_R941_HG00741_1_Guppy_6.5.7_450bps_modbases_5mc_cg_sup_prom_pass.bam', 's3://human-pangenomics/working/HPRC/HG00741/raw_data/nanopore/guppy_6/HG00741_3_Guppy_6.5.7_450bps_modbases_5mc_cg_sup_prom_pass.bam', 's3://human-pangenomics/working/HPRC/HG00741/raw_data/nanopore/guppy_6/HG00741_1_Guppy_6.5.7_450bps_modbases_5mc_cg_sup_prom_pass.bam']",4,70.38,16,map-ont,15,"['s3://human-pangenomics/working/HPRC/HG00741/raw_data/nanopore/guppy_6/1_11_23_R941_HG00741_1_Guppy_6.5.7_450bps_modbases_5mc_cg_sup_prom_pass.bam', 's3://human-pangenomics/working/HPRC/HG00741/raw_data/nanopore/guppy_6/1_11_23_R941_HG00741_2_Guppy_6.5.7_450bps_modbases_5mc_cg_sup_prom_pass.bam', 's3://human-pangenomics/working/HPRC/HG00741/raw_data/nanopore/guppy_6/HG00741_1_Guppy_6.5.7_450bps_modbases_5mc_cg_sup_prom_pass.bam', 's3://human-pangenomics/working/HPRC/HG00741/raw_data/nanopore/guppy_6/HG00741_3_Guppy_6.5.7_450bps_modbases_5mc_cg_sup_prom_pass.bam', 's3://human-pangenomics/working/HPRC/HG00741/raw_data/nanopore/guppy_6/HG00741_5_Guppy_6.5.7_450bps_modbases_5mc_cg_sup_prom_pass.bam']",5,81.66,"[21.22, 22.77, 12.59, 13.8, 11.28]",12,R941,16000,https://raw.githubusercontent.com/mobinasri/flagger/refs/heads/main/misc/alpha_tsv/ONT_R941_Guppy6.3.7/alpha_optimum_trunc_exp_gaussian_w_16000_n_50.ONT_R941_Guppy6.3.7_DEC_2024.v1.1.0.tsv
HG00867,"['s3://human-pangenomics/working/HPRC/HG00867/raw_data/nanopore/dorado0.6.0_sup4.3.0_5mCG_5hmCG/11_7_23_R1041_HPRC_HG00867_2_dorado0.6.0_sup4.3.0_5mCG_5hmCG.bam', 's3://human-pangenomics/working/HPRC/HG00867/raw_data/nanopore/dorado0.6.0_sup4.3.0_5mCG_5hmCG/11_7_23_R1041_HPRC_HG00867_1_dorado0.6.0_sup4.3.0_5mCG_5hmCG.bam', 's3://human-pangenomics/working/HPRC/HG00867/raw_data/nanopore/dorado0.6.0_sup4.3.0_5mCG_5hmCG/11_7_23_R1041_HPRC_HG00867_3_dorado0.6.0_sup4.3.0_5mCG_5hmCG.bam']",3,69.31,21,lr:hqae,25,"['s3://human-pangenomics/working/HPRC/HG00867/raw_data/nanopore/dorado0.6.0_sup4.3.0_5mCG_5hmCG/11_7_23_R1041_HPRC_HG00867_3_dorado0.6.0_sup4.3.0_5mCG_5hmCG.bam', 's3://human-pangenomics/working/HPRC/HG00867/raw_data/nanopore/dorado0.6.0_sup4.3.0_5mCG_5hmCG/11_7_23_R1041_HPRC_HG00867_2_dorado0.6.0_sup4.3.0_5mCG_5hmCG.bam', 's3://human-pangenomics/working/HPRC/HG00867/raw_data/nanopore/dorado0.6.0_sup4.3.0_5mCG_5hmCG/11_7_23_R1041_HPRC_HG00867_1_dorado0.6.0_sup4.3.0_5mCG_5hmCG.bam']",3,69.31,"[18.93, 27.48, 22.9]",21,R1041,8000,https://raw.githubusercontent.com/mobinasri/flagger/refs/heads/main/misc/alpha_tsv/ONT_R1041_Dorado/alpha_optimum_trunc_exp_gaussian_w_8000_n_50.ONT_R1041_Dorado_DEC_2024.v1.1.0.tsv
HG01028,"['s3://human-pangenomics/working/HPRC/HG01028/raw_data/nanopore/dorado0.6.0_sup4.3.0_5mCG_5hmCG/09_12_23_R1041_HPRC_HG01028_3_dorado0.6.0_sup4.3.0_5mCG_5hmCG.bam', 's3://human-pangenomics/working/HPRC/HG01028/raw_data/nanopore/dorado0.6.0_sup4.3.0_5mCG_5hmCG/09_12_23_R1041_HPRC_HG01028_2_dorado0.6.0_sup4.3.0_5mCG_5hmCG.bam']",2,65.94,32,lr:hqae,25,"['s3://human-pangenomics/working/HPRC/HG01028/raw_data/nanopore/dorado0.6.0_sup4.3.0_5mCG_5hmCG/09_12_23_R1041_HPRC_HG01028_3_dorado0.6.0_sup4.3.0_5mCG_5hmCG.bam', 's3://human-pangenomics/working/HPRC/HG01028/raw_data/nanopore/dorado0.6.0_sup4.3.0_5mCG_5hmCG/09_12_23_R1041_HPRC_HG01028_2_dorado0.6.0_sup4.3.0_5mCG_5hmCG.bam', 's3://human-pangenomics/working/HPRC/HG01028/raw_data/nanopore/dorado0.6.0_sup4.3.0_5mCG_5hmCG/09_12_23_R1041_HPRC_HG01028_1_dorado0.6.0_sup4.3.0_5mCG_5hmCG.bam']",3,93.99,"[34.06, 31.88, 28.05]",21,R1041,8000,https://raw.githubusercontent.com/mobinasri/flagger/refs/heads/main/misc/alpha_tsv/ONT_R1041_Dorado/alpha_optimum_trunc_exp_gaussian_w_8000_n_50.ONT_R1041_Dorado_DEC_2024.v1.1.0.tsv
HG01048,"['s3://human-pangenomics/working/HPRC/HG01048/raw_data/nanopore/dorado0.6.0_sup4.3.0_5mCG_5hmCG/01_23_24_R1041_HPRC_HG01048_1_dorado0.6.0_sup4.3.0_5mCG_5hmCG.bam', 's3://human-pangenomics/working/HPRC/HG01048/raw_data/nanopore/dorado0.6.0_sup4.3.0_5mCG_5hmCG/01_23_24_R1041_HPRC_HG01048_2_dorado0.6.0_sup4.3.0_5mCG_5hmCG.bam', 's3://human-pangenomics/working/HPRC/HG01048/raw_data/nanopore/dorado0.6.0_sup4.3.0_5mCG_5hmCG/10_17_23_R1041_HPRC_HG01048_3_dorado0.6.0_sup4.3.0_5mCG_5hmCG.bam', 's3://human-pangenomics/working/HPRC/HG01048/raw_data/nanopore/dorado0.6.0_sup4.3.0_5mCG_5hmCG/10_17_23_R1041_HPRC_HG01048_2_dorado0.6.0_sup4.3.0_5mCG_5hmCG.bam', 's3://human-pangenomics/working/HPRC/HG01048/raw_data/nanopore/dorado0.6.0_sup4.3.0_5mCG_5hmCG/10_17_23_R1041_HPRC_HG01048_1_dorado0.6.0_sup4.3.0_5mCG_5hmCG.bam']",5,64.57,12,lr:hqae,25,"['s3://human-pangenomics/working/HPRC/HG01048/raw_data/nanopore/dorado0.6.0_sup4.3.0_5mCG_5hmCG/10_17_23_R1041_HPRC_HG01048_2_dorado0.6.0_sup4.3.0_5mCG_5hmCG.bam', 's3://human-pangenomics/working/HPRC/HG01048/raw_data/nanopore/dorado0.6.0_sup4.3.0_5mCG_5hmCG/10_17_23_R1041_HPRC_HG01048_3_dorado0.6.0_sup4.3.0_5mCG_5hmCG.bam', 's3://human-pangenomics/working/HPRC/HG01048/raw_data/nanopore/dorado0.6.0_sup4.3.0_5mCG_5hmCG/01_23_24_R1041_HPRC_HG01048_1_dorado0.6.0_sup4.3.0_5mCG_5hmCG.bam', 's3://human-pangenomics/working/HPRC/HG01048/raw_data/nanopore/dorado0.6.0_sup4.3.0_5mCG_5hmCG/10_17_23_R1041_HPRC_HG01048_1_dorado0.6.0_sup4.3.0_5mCG_5hmCG.bam', 's3://human-pangenomics/working/HPRC/HG01048/raw_data/nanopore/dorado0.6.0_sup4.3.0_5mCG_5hmCG/01_23_24_R1041_HPRC_HG01048_2_dorado0.6.0_sup4.3.0_5mCG_5hmCG.bam']",5,64.57,"[8.48, 10.38, 21.4, 8.09, 16.22]",12,R1041,8000,https://raw.githubusercontent.com/mobinasri/flagger/refs/heads/main/misc/alpha_tsv/ONT_R1041_Dorado/alpha_optimum_trunc_exp_gaussian_w_8000_n_50.ONT_R1041_Dorado_DEC_2024.v1.1.0.tsv
HG01071,"['s3://human-pangenomics/working/HPRC/HG01071/raw_data/nanopore/guppy_6/HG01071_PAM54677_Guppy_6.5.7_450bps_modbases_5mc_cg_sup_prom_pass.bam', 's3://human-pangenomics/working/HPRC/HG01071/raw_data/nanopore/guppy_6/HG01071_PAK28002_Guppy_6.5.7_450bps_modbases_5mc_cg_sup_prom_pass.bam', 's3://human-pangenomics/working/HPRC/HG01071/raw_data/nanopore/guppy_6/HG01071_PAM53072_Guppy_6.5.7_450bps_modbases_5mc_cg_sup_prom_pass.bam', 's3://human-pangenomics/working/HPRC/HG01071/raw_data/nanopore/guppy_6/HG01071_PAM53513_Guppy_6.5.7_450bps_modbases_5mc_cg_sup_prom_pass.bam']",4,74.13,16,map-ont,15,"['s3://human-pangenomics/working/HPRC/HG01071/raw_data/nanopore/guppy_6/HG01071_1_Guppy_6.5.7_450bps_modbases_5mc_cg_sup_prom_pass.bam', 's3://human-pangenomics/working/HPRC/HG01071/raw_data/nanopore/guppy_6/HG01071_3_Guppy_6.5.7_450bps_modbases_5mc_cg_sup_prom_pass.bam', 's3://human-pangenomics/working/HPRC/HG01071/raw_data/nanopore/guppy_6/HG01071_5_Guppy_6.5.7_450bps_modbases_5mc_cg_sup_prom_pass.bam', 's3://human-pangenomics/working/HPRC/HG01071/raw_data/nanopore/guppy_6/HG01071_PAK28002_Guppy_6.5.7_450bps_modbases_5mc_cg_sup_prom_pass.bam', 's3://human-pangenomics/working/HPRC/HG01071/raw_data/nanopore/guppy_6/HG01071_PAM53072_Guppy_6.5.7_450bps_modbases_5mc_cg_sup_prom_pass.bam', 's3://human-pangenomics/working/HPRC/HG01071/raw_data/nanopore/guppy_6/HG01071_PAM53513_Guppy_6.5.7_450bps_modbases_5mc_cg_sup_prom_pass.bam', 's3://human-pangenomics/working/HPRC/HG01071/raw_data/nanopore/guppy_6/HG01071_PAM54677_Guppy_6.5.7_450bps_modbases_5mc_cg_sup_prom_pass.bam', 's3://human-pangenomics/working/HPRC/HG01071/raw_data/nanopore/guppy_6/HG01071_PAM55655_Guppy_6.5.7_450bps_modbases_5mc_cg_sup_prom_pass.bam', 's3://human-pangenomics/working/HPRC/HG01071/raw_data/nanopore/guppy_6/HG01071_PAM55678_Guppy_6.5.7_450bps_modbases_5mc_cg_sup_prom_pass.bam']",9,133.49,"[8.74, 12.7, 11.66, 19.21, 18.73, 16.17, 20.02, 12.19, 14.07]",7,R941,16000,https://raw.githubusercontent.com/mobinasri/flagger/refs/heads/main/misc/alpha_tsv/ONT_R941_Guppy6.3.7/alpha_optimum_trunc_exp_gaussian_w_16000_n_50.ONT_R941_Guppy6.3.7_DEC_2024.v1.1.0.tsv
HG01074,"['s3://human-pangenomics/working/HPRC/HG01074/raw_data/nanopore/guppy_6/02_17_22_R941_HG01074_2_Guppy_6.5.7_450bps_modbases_5mc_cg_sup_prom_pass.bam', 's3://human-pangenomics/working/HPRC/HG01074/raw_data/nanopore/guppy_6/02_17_22_R941_HG01074_1_Guppy_6.5.7_450bps_modbases_5mc_cg_sup_prom_pass.bam', 's3://human-pangenomics/working/HPRC/HG01074/raw_data/nanopore/guppy_6/02_17_22_R941_HG01074_3_Guppy_6.5.7_450bps_modbases_5mc_cg_sup_prom_pass.bam']",3,77.21,21,map-ont,15,"['s3://human-pangenomics/working/HPRC/HG01074/raw_data/nanopore/guppy_6/02_17_22_R941_HG01074_1_Guppy_6.5.7_450bps_modbases_5mc_cg_sup_prom_pass.bam', 's3://human-pangenomics/working/HPRC/HG01074/raw_data/nanopore/guppy_6/02_17_22_R941_HG01074_2_Guppy_6.5.7_450bps_modbases_5mc_cg_sup_prom_pass.bam', 's3://human-pangenomics/working/HPRC/HG01074/raw_data/nanopore/guppy_6/02_17_22_R941_HG01074_3_Guppy_6.5.7_450bps_modbases_5mc_cg_sup_prom_pass.bam']",3,77.21,"[25.76, 27.95, 23.5]",21,R941,16000,https://raw.githubusercontent.com/mobinasri/flagger/refs/heads/main/misc/alpha_tsv/ONT_R941_Guppy6.3.7/alpha_optimum_trunc_exp_gaussian_w_16000_n_50.ONT_R941_Guppy6.3.7_DEC_2024.v1.1.0.tsv
HG01081,"['s3://human-pangenomics/working/HPRC/HG01081/raw_data/nanopore/guppy_6/03_01_22_R941_HG01081_4_Guppy_6.5.7_450bps_modbases_5mc_cg_sup_prom_pass.bam', 's3://human-pangenomics/working/HPRC/HG01081/raw_data/nanopore/guppy_6/03_01_22_R941_HG01081_3_Guppy_6.5.7_450bps_modbases_5mc_cg_sup_prom_pass.bam', 's3://human-pangenomics/working/HPRC/HG01081/raw_data/nanopore/guppy_6/03_01_22_R941_HG01081_2_Guppy_6.5.7_450bps_modbases_5mc_cg_sup_prom_pass.bam']",3,87.17,21,map-ont,15,"['s3://human-pangenomics/working/HPRC/HG01081/raw_data/nanopore/guppy_6/03_01_22_R941_HG01081_1_Guppy_6.5.7_450bps_modbases_5mc_cg_sup_prom_pass.bam', 's3://human-pangenomics/working/HPRC/HG01081/raw_data/nanopore/guppy_6/03_01_22_R941_HG01081_2_Guppy_6.5.7_450bps_modbases_5mc_cg_sup_prom_pass.bam', 's3://human-pangenomics/working/HPRC/HG01081/raw_data/nanopore/guppy_6/03_01_22_R941_HG01081_3_Guppy_6.5.7_450bps_modbases_5mc_cg_sup_prom_pass.bam', 's3://human-pangenomics/working/HPRC/HG01081/raw_data/nanopore/guppy_6/03_01_22_R941_HG01081_4_Guppy_6.5.7_450bps_modbases_5mc_cg_sup_prom_pass.bam']",4,100.68,"[13.51, 28.32, 28.68, 30.17]",16,R941,16000,https://raw.githubusercontent.com/mobinasri/flagger/refs/heads/main/misc/alpha_tsv/ONT_R941_Guppy6.3.7/alpha_optimum_trunc_exp_gaussian_w_16000_n_50.ONT_R941_Guppy6.3.7_DEC_2024.v1.1.0.tsv
HG01099,"['s3://human-pangenomics/working/HPRC/HG01099/raw_data/nanopore/guppy_6/08_10_21_R941_HG01099_2_Guppy_6.4.6_450bps_modbases_5mc_cg_sup_prom_pass.bam', 's3://human-pangenomics/working/HPRC/HG01099/raw_data/nanopore/guppy_6/08_10_21_R941_HG01099_1_Guppy_6.4.6_450bps_modbases_5mc_cg_sup_prom_pass.bam', 's3://human-pangenomics/working/HPRC/HG01099/raw_data/nanopore/guppy_6/08_10_21_R941_HG01099_3_Guppy_6.4.6_450bps_modbases_5mc_cg_sup_prom_pass.bam']",3,69.54,21,map-ont,15,"['s3://human-pangenomics/working/HPRC/HG01099/raw_data/nanopore/guppy_6/08_10_21_R941_HG01099_1_Guppy_6.4.6_450bps_modbases_5mc_cg_sup_prom_pass.bam', 's3://human-pangenomics/working/HPRC/HG01099/raw_data/nanopore/guppy_6/08_10_21_R941_HG01099_2_Guppy_6.4.6_450bps_modbases_5mc_cg_sup_prom_pass.bam', 's3://human-pangenomics/working/HPRC/HG01099/raw_data/nanopore/guppy_6/08_10_21_R941_HG01099_3_Guppy_6.4.6_450bps_modbases_5mc_cg_sup_prom_pass.bam']",3,69.54,"[24.09, 25.55, 19.9]",21,R941,16000,https://raw.githubusercontent.com/mobinasri/flagger/refs/heads/main/misc/alpha_tsv/ONT_R941_Guppy6.3.7/alpha_optimum_trunc_exp_gaussian_w_16000_n_50.ONT_R941_Guppy6.3.7_DEC_2024.v1.1.0.tsv
HG01106,"['s3://human-pangenomics/working/HPRC/HG01106/raw_data/nanopore/guppy_6/1_11_23_R941_HG01106_1_Guppy_6.5.7_450bps_modbases_5mc_cg_sup_prom_pass.bam', 's3://human-pangenomics/working/HPRC/HG01106/raw_data/nanopore/guppy_6/1_11_23_R941_HG01106_2_Guppy_6.5.7_450bps_modbases_5mc_cg_sup_prom_pass.bam', 's3://human-pangenomics/working/HPRC/HG01106/raw_data/nanopore/guppy_6/HG01106_3_Guppy_6.5.7_450bps_modbases_5mc_cg_sup_prom_pass.bam', 's3://human-pangenomics/working/HPRC/HG01106/raw_data/nanopore/guppy_6/HG01106_5_Guppy_6.5.7_450bps_modbases_5mc_cg_sup_prom_pass.bam']",4,62.76,16,map-ont,15,"['s3://human-pangenomics/working/HPRC/HG01106/raw_data/nanopore/guppy_6/1_11_23_R941_HG01106_1_Guppy_6.5.7_450bps_modbases_5mc_cg_sup_prom_pass.bam', 's3://human-pangenomics/working/HPRC/HG01106/raw_data/nanopore/guppy_6/1_11_23_R941_HG01106_2_Guppy_6.5.7_450bps_modbases_5mc_cg_sup_prom_pass.bam', 's3://human-pangenomics/working/HPRC/HG01106/raw_data/nanopore/guppy_6/HG01106_1_Guppy_6.5.7_450bps_modbases_5mc_cg_sup_prom_pass.bam', 's3://human-pangenomics/working/HPRC/HG01106/raw_data/nanopore/guppy_6/HG01106_3_Guppy_6.5.7_450bps_modbases_5mc_cg_sup_prom_pass.bam', 's3://human-pangenomics/working/HPRC/HG01106/raw_data/nanopore/guppy_6/HG01106_5_Guppy_6.5.7_450bps_modbases_5mc_cg_sup_prom_pass.bam']",5,70.88,"[21.29, 17.67, 8.12, 13.01, 10.79]",12,R941,16000,https://raw.githubusercontent.com/mobinasri/flagger/refs/heads/main/misc/alpha_tsv/ONT_R941_Guppy6.3.7/alpha_optimum_trunc_exp_gaussian_w_16000_n_50.ONT_R941_Guppy6.3.7_DEC_2024.v1.1.0.tsv
HG01123,"['s3://human-pangenomics/working/HPRC/HG01123/raw_data/nanopore/guppy_6/12_7_22_R941_HG01123_1_Guppy_6.5.7_450bps_modbases_5mc_cg_sup_prom_pass.bam', 's3://human-pangenomics/working/HPRC/HG01123/raw_data/nanopore/guppy_6/12_7_22_R941_HG01123_2_Guppy_6.5.7_450bps_modbases_5mc_cg_sup_prom_pass.bam', 's3://human-pangenomics/working/HPRC/HG01123/raw_data/nanopore/guppy_6/HG01123_1_Guppy_6.5.7_450bps_modbases_5mc_cg_sup_prom_pass.bam', 's3://human-pangenomics/working/HPRC/HG01123/raw_data/nanopore/guppy_6/HG01123_5_Guppy_6.5.7_450bps_modbases_5mc_cg_sup_prom_pass.bam', 's3://human-pangenomics/working/HPRC/HG01123/raw_data/nanopore/guppy_6/HG01123_3_Guppy_6.5.7_450bps_modbases_5mc_cg_sup_prom_pass.bam']",5,59.85,12,map-ont,15,"['s3://human-pangenomics/working/HPRC/HG01123/raw_data/nanopore/guppy_6/12_7_22_R941_HG01123_1_Guppy_6.5.7_450bps_modbases_5mc_cg_sup_prom_pass.bam', 's3://human-pangenomics/working/HPRC/HG01123/raw_data/nanopore/guppy_6/12_7_22_R941_HG01123_2_Guppy_6.5.7_450bps_modbases_5mc_cg_sup_prom_pass.bam', 's3://human-pangenomics/working/HPRC/HG01123/raw_data/nanopore/guppy_6/HG01123_1_Guppy_6.5.7_450bps_modbases_5mc_cg_sup_prom_pass.bam', 's3://human-pangenomics/working/HPRC/HG01123/raw_data/nanopore/guppy_6/HG01123_3_Guppy_6.5.7_450bps_modbases_5mc_cg_sup_prom_pass.bam', 's3://human-pangenomics/working/HPRC/HG01123/raw_data/nanopore/guppy_6/HG01123_5_Guppy_6.5.7_450bps_modbases_5mc_cg_sup_prom_pass.bam']",5,59.85,"[20.14, 17.71, 7.49, 7.16, 7.35]",12,R941,16000,https://raw.githubusercontent.com/mobinasri/flagger/refs/heads/main/misc/alpha_tsv/ONT_R941_Guppy6.3.7/alpha_optimum_trunc_exp_gaussian_w_16000_n_50.ONT_R941_Guppy6.3.7_DEC_2024.v1.1.0.tsv
HG01150,"['s3://human-pangenomics/working/HPRC/HG01150/raw_data/nanopore/guppy_6/03_01_22_R941_HG01150_1_Guppy_6.5.7_450bps_modbases_5mc_cg_sup_prom_pass.bam', 's3://human-pangenomics/working/HPRC/HG01150/raw_data/nanopore/guppy_6/03_01_22_R941_HG01150_2_Guppy_6.5.7_450bps_modbases_5mc_cg_sup_prom_pass.bam', 's3://human-pangenomics/working/HPRC/HG01150/raw_data/nanopore/guppy_6/03_01_22_R941_HG01150_3_Guppy_6.5.7_450bps_modbases_5mc_cg_sup_prom_pass.bam']",3,84.22,21,map-ont,15,"['s3://human-pangenomics/working/HPRC/HG01150/raw_data/nanopore/guppy_6/03_01_22_R941_HG01150_1_Guppy_6.5.7_450bps_modbases_5mc_cg_sup_prom_pass.bam', 's3://human-pangenomics/working/HPRC/HG01150/raw_data/nanopore/guppy_6/03_01_22_R941_HG01150_2_Guppy_6.5.7_450bps_modbases_5mc_cg_sup_prom_pass.bam', 's3://human-pangenomics/working/HPRC/HG01150/raw_data/nanopore/guppy_6/03_01_22_R941_HG01150_3_Guppy_6.5.7_450bps_modbases_5mc_cg_sup_prom_pass.bam']",3,84.22,"[29.48, 27.99, 26.75]",21,R941,16000,https://raw.githubusercontent.com/mobinasri/flagger/refs/heads/main/misc/alpha_tsv/ONT_R941_Guppy6.3.7/alpha_optimum_trunc_exp_gaussian_w_16000_n_50.ONT_R941_Guppy6.3.7_DEC_2024.v1.1.0.tsv
HG01167,"['s3://human-pangenomics/working/HPRC/HG01167/raw_data/nanopore/dorado0.6.0_sup4.3.0_5mCG_5hmCG/08_29_23_R1041_HPRC_HG01167_3_dorado0.6.0_sup4.3.0_5mCG_5hmCG.bam', 's3://human-pangenomics/working/HPRC/HG01167/raw_data/nanopore/dorado0.6.0_sup4.3.0_5mCG_5hmCG/08_29_23_R1041_HPRC_HG01167_1_dorado0.6.0_sup4.3.0_5mCG_5hmCG.bam', 's3://human-pangenomics/working/HPRC/HG01167/raw_data/nanopore/dorado0.6.0_sup4.3.0_5mCG_5hmCG/08_29_23_R1041_HPRC_HG01167_2_dorado0.6.0_sup4.3.0_5mCG_5hmCG.bam']",3,66.67,21,lr:hqae,25,"['s3://human-pangenomics/working/HPRC/HG01167/raw_data/nanopore/dorado0.6.0_sup4.3.0_5mCG_5hmCG/08_29_23_R1041_HPRC_HG01167_1_dorado0.6.0_sup4.3.0_5mCG_5hmCG.bam', 's3://human-pangenomics/working/HPRC/HG01167/raw_data/nanopore/dorado0.6.0_sup4.3.0_5mCG_5hmCG/08_29_23_R1041_HPRC_HG01167_2_dorado0.6.0_sup4.3.0_5mCG_5hmCG.bam', 's3://human-pangenomics/working/HPRC/HG01167/raw_data/nanopore/dorado0.6.0_sup4.3.0_5mCG_5hmCG/08_29_23_R1041_HPRC_HG01167_3_dorado0.6.0_sup4.3.0_5mCG_5hmCG.bam']",3,66.67,"[23.13, 20.12, 23.42]",21,R1041,8000,https://raw.githubusercontent.com/mobinasri/flagger/refs/heads/main/misc/alpha_tsv/ONT_R1041_Dorado/alpha_optimum_trunc_exp_gaussian_w_8000_n_50.ONT_R1041_Dorado_DEC_2024.v1.1.0.tsv
HG01175,"['s3://human-pangenomics/working/HPRC/HG01175/raw_data/nanopore/guppy_6/1_11_23_R941_HG01175_1_Guppy_6.5.7_450bps_modbases_5mc_cg_sup_prom_pass.bam', 's3://human-pangenomics/working/HPRC/HG01175/raw_data/nanopore/guppy_6/1_11_23_R941_HG01175_2_Guppy_6.5.7_450bps_modbases_5mc_cg_sup_prom_pass.bam', 's3://human-pangenomics/working/HPRC/HG01175/raw_data/nanopore/guppy_6/HG01175_3_Guppy_6.5.7_450bps_modbases_5mc_cg_sup_prom_pass.bam', 's3://human-pangenomics/working/HPRC/HG01175/raw_data/nanopore/guppy_6/HG01175_1_Guppy_6.5.7_450bps_modbases_5mc_cg_sup_prom_pass.bam']",4,65.56,16,map-ont,15,"['s3://human-pangenomics/working/HPRC/HG01175/raw_data/nanopore/guppy_6/1_11_23_R941_HG01175_1_Guppy_6.5.7_450bps_modbases_5mc_cg_sup_prom_pass.bam', 's3://human-pangenomics/working/HPRC/HG01175/raw_data/nanopore/guppy_6/1_11_23_R941_HG01175_2_Guppy_6.5.7_450bps_modbases_5mc_cg_sup_prom_pass.bam', 's3://human-pangenomics/working/HPRC/HG01175/raw_data/nanopore/guppy_6/HG01175_1_Guppy_6.5.7_450bps_modbases_5mc_cg_sup_prom_pass.bam', 's3://human-pangenomics/working/HPRC/HG01175/raw_data/nanopore/guppy_6/HG01175_3_Guppy_6.5.7_450bps_modbases_5mc_cg_sup_prom_pass.bam', 's3://human-pangenomics/working/HPRC/HG01175/raw_data/nanopore/guppy_6/HG01175_5_Guppy_6.5.7_450bps_modbases_5mc_cg_sup_prom_pass.bam']",5,76.05,"[20.25, 19.27, 12.55, 13.49, 10.49]",12,R941,16000,https://raw.githubusercontent.com/mobinasri/flagger/refs/heads/main/misc/alpha_tsv/ONT_R941_Guppy6.3.7/alpha_optimum_trunc_exp_gaussian_w_16000_n_50.ONT_R941_Guppy6.3.7_DEC_2024.v1.1.0.tsv
HG01192,"['s3://human-pangenomics/working/HPRC/HG01192/raw_data/nanopore/guppy_6/09_08_21_R941_HG01192_1_Guppy_6.5.7_450bps_modbases_5mc_cg_sup_prom_pass.bam', 's3://human-pangenomics/working/HPRC/HG01192/raw_data/nanopore/guppy_6/09_08_21_R941_HG01192_3_Guppy_6.5.7_450bps_modbases_5mc_cg_sup_prom_pass.bam', 's3://human-pangenomics/working/HPRC/HG01192/raw_data/nanopore/guppy_6/09_08_21_R941_HG01192_2_Guppy_6.5.7_450bps_modbases_5mc_cg_sup_prom_pass.bam']",3,49.87,21,map-ont,15,"['s3://human-pangenomics/working/HPRC/HG01192/raw_data/nanopore/guppy_6/09_08_21_R941_HG01192_1_Guppy_6.5.7_450bps_modbases_5mc_cg_sup_prom_pass.bam', 's3://human-pangenomics/working/HPRC/HG01192/raw_data/nanopore/guppy_6/09_08_21_R941_HG01192_2_Guppy_6.5.7_450bps_modbases_5mc_cg_sup_prom_pass.bam', 's3://human-pangenomics/working/HPRC/HG01192/raw_data/nanopore/guppy_6/09_08_21_R941_HG01192_3_Guppy_6.5.7_450bps_modbases_5mc_cg_sup_prom_pass.bam']",3,49.87,"[19.78, 13.78, 16.31]",21,R941,16000,https://raw.githubusercontent.com/mobinasri/flagger/refs/heads/main/misc/alpha_tsv/ONT_R941_Guppy6.3.7/alpha_optimum_trunc_exp_gaussian_w_16000_n_50.ONT_R941_Guppy6.3.7_DEC_2024.v1.1.0.tsv
HG01248,"['s3://human-pangenomics/working/HPRC/HG01248/raw_data/nanopore/dorado0.6.0_sup4.3.0_5mCG_5hmCG/10_24_23_R1041_HPRC_HG01248_3_dorado0.6.0_sup4.3.0_5mCG_5hmCG.bam', 's3://human-pangenomics/working/HPRC/HG01248/raw_data/nanopore/dorado0.6.0_sup4.3.0_5mCG_5hmCG/10_24_23_R1041_HPRC_HG01248_2_dorado0.6.0_sup4.3.0_5mCG_5hmCG.bam']",2,68.48,32,lr:hqae,25,"['s3://human-pangenomics/working/HPRC/HG01248/raw_data/nanopore/dorado0.6.0_sup4.3.0_5mCG_5hmCG/10_24_23_R1041_HPRC_HG01248_2_dorado0.6.0_sup4.3.0_5mCG_5hmCG.bam', 's3://human-pangenomics/working/HPRC/HG01248/raw_data/nanopore/dorado0.6.0_sup4.3.0_5mCG_5hmCG/10_24_23_R1041_HPRC_HG01248_3_dorado0.6.0_sup4.3.0_5mCG_5hmCG.bam', 's3://human-pangenomics/working/HPRC/HG01248/raw_data/nanopore/dorado0.6.0_sup4.3.0_5mCG_5hmCG/10_24_23_R1041_HPRC_HG01248_1_dorado0.6.0_sup4.3.0_5mCG_5hmCG.bam']",3,97.09,"[32.83, 35.65, 28.61]",21,R1041,8000,https://raw.githubusercontent.com/mobinasri/flagger/refs/heads/main/misc/alpha_tsv/ONT_R1041_Dorado/alpha_optimum_trunc_exp_gaussian_w_8000_n_50.ONT_R1041_Dorado_DEC_2024.v1.1.0.tsv
HG01252,"['s3://human-pangenomics/working/HPRC/HG01252/raw_data/nanopore/guppy_6/02_08_22_R941_HG01252_3_Guppy_6.5.7_450bps_modbases_5mc_cg_sup_prom_pass.bam', 's3://human-pangenomics/working/HPRC/HG01252/raw_data/nanopore/guppy_6/02_08_22_R941_HG01252_2_Guppy_6.5.7_450bps_modbases_5mc_cg_sup_prom_pass.bam', 's3://human-pangenomics/working/HPRC/HG01252/raw_data/nanopore/guppy_6/02_08_22_R941_HG01252_1_Guppy_6.5.7_450bps_modbases_5mc_cg_sup_prom_pass.bam']",3,47.53,21,map-ont,15,"['s3://human-pangenomics/working/HPRC/HG01252/raw_data/nanopore/guppy_6/02_08_22_R941_HG01252_1_Guppy_6.5.7_450bps_modbases_5mc_cg_sup_prom_pass.bam', 's3://human-pangenomics/working/HPRC/HG01252/raw_data/nanopore/guppy_6/02_08_22_R941_HG01252_2_Guppy_6.5.7_450bps_modbases_5mc_cg_sup_prom_pass.bam', 's3://human-pangenomics/working/HPRC/HG01252/raw_data/nanopore/guppy_6/02_08_22_R941_HG01252_3_Guppy_6.5.7_450bps_modbases_5mc_cg_sup_prom_pass.bam']",3,47.53,"[14.1, 15.07, 18.36]",21,R941,16000,https://raw.githubusercontent.com/mobinasri/flagger/refs/heads/main/misc/alpha_tsv/ONT_R941_Guppy6.3.7/alpha_optimum_trunc_exp_gaussian_w_16000_n_50.ONT_R941_Guppy6.3.7_DEC_2024.v1.1.0.tsv
HG01255,"['s3://human-pangenomics/working/HPRC/HG01255/raw_data/nanopore/guppy_6/07_13_21_R941_HG01255_3_Guppy_6.4.6_450bps_modbases_5mc_cg_sup_prom_pass.bam', 's3://human-pangenomics/working/HPRC/HG01255/raw_data/nanopore/guppy_6/07_13_21_R941_HG01255_2_Guppy_6.4.6_450bps_modbases_5mc_cg_sup_prom_pass.bam', 's3://human-pangenomics/working/HPRC/HG01255/raw_data/nanopore/guppy_6/07_13_21_R941_HG01255_1_Guppy_6.4.6_450bps_modbases_5mc_cg_sup_prom_pass.bam']",3,77.65,21,map-ont,15,"['s3://human-pangenomics/working/HPRC/HG01255/raw_data/nanopore/guppy_6/07_13_21_R941_HG01255_1_Guppy_6.4.6_450bps_modbases_5mc_cg_sup_prom_pass.bam', 's3://human-pangenomics/working/HPRC/HG01255/raw_data/nanopore/guppy_6/07_13_21_R941_HG01255_2_Guppy_6.4.6_450bps_modbases_5mc_cg_sup_prom_pass.bam', 's3://human-pangenomics/working/HPRC/HG01255/raw_data/nanopore/guppy_6/07_13_21_R941_HG01255_3_Guppy_6.4.6_450bps_modbases_5mc_cg_sup_prom_pass.bam']",3,77.65,"[18.71, 26.75, 32.19]",21,R941,16000,https://raw.githubusercontent.com/mobinasri/flagger/refs/heads/main/misc/alpha_tsv/ONT_R941_Guppy6.3.7/alpha_optimum_trunc_exp_gaussian_w_16000_n_50.ONT_R941_Guppy6.3.7_DEC_2024.v1.1.0.tsv
HG01258,"['s3://human-pangenomics/working/HPRC/HG01258/raw_data/nanopore/guppy_6/12_7_22_R941_HG01258_1_Guppy_6.5.7_450bps_modbases_5mc_cg_sup_prom_pass.bam', 's3://human-pangenomics/working/HPRC/HG01258/raw_data/nanopore/guppy_6/12_7_22_R941_HG01258_2_Guppy_6.5.7_450bps_modbases_5mc_cg_sup_prom_pass.bam', 's3://human-pangenomics/working/HPRC/HG01258/raw_data/nanopore/guppy_6/HG01258_1_Guppy_6.5.7_450bps_modbases_5mc_cg_sup_prom_pass.bam', 's3://human-pangenomics/working/HPRC/HG01258/raw_data/nanopore/guppy_6/HG01258_3_Guppy_6.5.7_450bps_modbases_5mc_cg_sup_prom_pass.bam', 's3://human-pangenomics/working/HPRC/HG01258/raw_data/nanopore/guppy_6/HG01258_5_Guppy_6.5.7_450bps_modbases_5mc_cg_sup_prom_pass.bam']",5,49.44,12,map-ont,15,"['s3://human-pangenomics/working/HPRC/HG01258/raw_data/nanopore/guppy_6/12_7_22_R941_HG01258_1_Guppy_6.5.7_450bps_modbases_5mc_cg_sup_prom_pass.bam', 's3://human-pangenomics/working/HPRC/HG01258/raw_data/nanopore/guppy_6/12_7_22_R941_HG01258_2_Guppy_6.5.7_450bps_modbases_5mc_cg_sup_prom_pass.bam', 's3://human-pangenomics/working/HPRC/HG01258/raw_data/nanopore/guppy_6/HG01258_1_Guppy_6.5.7_450bps_modbases_5mc_cg_sup_prom_pass.bam', 's3://human-pangenomics/working/HPRC/HG01258/raw_data/nanopore/guppy_6/HG01258_3_Guppy_6.5.7_450bps_modbases_5mc_cg_sup_prom_pass.bam', 's3://human-pangenomics/working/HPRC/HG01258/raw_data/nanopore/guppy_6/HG01258_5_Guppy_6.5.7_450bps_modbases_5mc_cg_sup_prom_pass.bam']",5,49.44,"[17.62, 16.31, 5.46, 5.06, 4.99]",12,R941,16000,https://raw.githubusercontent.com/mobinasri/flagger/refs/heads/main/misc/alpha_tsv/ONT_R941_Guppy6.3.7/alpha_optimum_trunc_exp_gaussian_w_16000_n_50.ONT_R941_Guppy6.3.7_DEC_2024.v1.1.0.tsv
HG01261,"['s3://human-pangenomics/working/HPRC/HG01261/raw_data/nanopore/guppy_6/07_27_21_R941_HG01261_2_Guppy_6.5.7_450bps_modbases_5mc_cg_sup_prom_pass.bam', 's3://human-pangenomics/working/HPRC/HG01261/raw_data/nanopore/guppy_6/07_27_21_R941_HG01261_3_Guppy_6.5.7_450bps_modbases_5mc_cg_sup_prom_pass.bam', 's3://human-pangenomics/working/HPRC/HG01261/raw_data/nanopore/guppy_6/07_27_21_R941_HG01261_1_Guppy_6.5.7_450bps_modbases_5mc_cg_sup_prom_pass.bam']",3,66.39,21,map-ont,15,"['s3://human-pangenomics/working/HPRC/HG01261/raw_data/nanopore/guppy_6/07_27_21_R941_HG01261_1_Guppy_6.5.7_450bps_modbases_5mc_cg_sup_prom_pass.bam', 's3://human-pangenomics/working/HPRC/HG01261/raw_data/nanopore/guppy_6/07_27_21_R941_HG01261_2_Guppy_6.5.7_450bps_modbases_5mc_cg_sup_prom_pass.bam', 's3://human-pangenomics/working/HPRC/HG01261/raw_data/nanopore/guppy_6/07_27_21_R941_HG01261_3_Guppy_6.5.7_450bps_modbases_5mc_cg_sup_prom_pass.bam']",3,66.39,"[17.26, 25.85, 23.28]",21,R941,16000,https://raw.githubusercontent.com/mobinasri/flagger/refs/heads/main/misc/alpha_tsv/ONT_R941_Guppy6.3.7/alpha_optimum_trunc_exp_gaussian_w_16000_n_50.ONT_R941_Guppy6.3.7_DEC_2024.v1.1.0.tsv
HG01346,"['s3://human-pangenomics/working/HPRC/HG01346/raw_data/nanopore/guppy_6/08_17_21_R941_HG01346_2_Guppy_6.4.6_450bps_modbases_5mc_cg_sup_prom_pass.bam', 's3://human-pangenomics/working/HPRC/HG01346/raw_data/nanopore/guppy_6/08_17_21_R941_HG01346_3_Guppy_6.4.6_450bps_modbases_5mc_cg_sup_prom_pass.bam', 's3://human-pangenomics/working/HPRC/HG01346/raw_data/nanopore/guppy_6/08_17_21_R941_HG01346_1_Guppy_6.4.6_450bps_modbases_5mc_cg_sup_prom_pass.bam']",3,72.65,21,map-ont,15,"['s3://human-pangenomics/working/HPRC/HG01346/raw_data/nanopore/guppy_6/08_17_21_R941_HG01346_1_Guppy_6.4.6_450bps_modbases_5mc_cg_sup_prom_pass.bam', 's3://human-pangenomics/working/HPRC/HG01346/raw_data/nanopore/guppy_6/08_17_21_R941_HG01346_2_Guppy_6.4.6_450bps_modbases_5mc_cg_sup_prom_pass.bam', 's3://human-pangenomics/working/HPRC/HG01346/raw_data/nanopore/guppy_6/08_17_21_R941_HG01346_3_Guppy_6.4.6_450bps_modbases_5mc_cg_sup_prom_pass.bam']",3,72.65,"[14.92, 30.15, 27.58]",21,R941,16000,https://raw.githubusercontent.com/mobinasri/flagger/refs/heads/main/misc/alpha_tsv/ONT_R941_Guppy6.3.7/alpha_optimum_trunc_exp_gaussian_w_16000_n_50.ONT_R941_Guppy6.3.7_DEC_2024.v1.1.0.tsv
HG01358,"['s3://human-pangenomics/working/HPRC/HG01358/raw_data/nanopore/guppy_6/12_7_22_R941_HG01358_2_Guppy_6.5.7_450bps_modbases_5mc_cg_sup_prom_pass.bam', 's3://human-pangenomics/working/HPRC/HG01358/raw_data/nanopore/guppy_6/12_7_22_R941_HG01358_1_Guppy_6.5.7_450bps_modbases_5mc_cg_sup_prom_pass.bam', 's3://human-pangenomics/working/HPRC/HG01358/raw_data/nanopore/guppy_6/HG01358_3_Guppy_6.5.7_450bps_modbases_5mc_cg_sup_prom_pass.bam', 's3://human-pangenomics/working/HPRC/HG01358/raw_data/nanopore/guppy_6/HG01358_1_Guppy_6.5.7_450bps_modbases_5mc_cg_sup_prom_pass.bam', 's3://human-pangenomics/working/HPRC/HG01358/raw_data/nanopore/guppy_6/HG01358_5_Guppy_6.5.7_450bps_modbases_5mc_cg_sup_prom_pass.bam']",5,48.2,12,map-ont,15,"['s3://human-pangenomics/working/HPRC/HG01358/raw_data/nanopore/guppy_6/12_7_22_R941_HG01358_1_Guppy_6.5.7_450bps_modbases_5mc_cg_sup_prom_pass.bam', 's3://human-pangenomics/working/HPRC/HG01358/raw_data/nanopore/guppy_6/12_7_22_R941_HG01358_2_Guppy_6.5.7_450bps_modbases_5mc_cg_sup_prom_pass.bam', 's3://human-pangenomics/working/HPRC/HG01358/raw_data/nanopore/guppy_6/HG01358_1_Guppy_6.5.7_450bps_modbases_5mc_cg_sup_prom_pass.bam', 's3://human-pangenomics/working/HPRC/HG01358/raw_data/nanopore/guppy_6/HG01358_3_Guppy_6.5.7_450bps_modbases_5mc_cg_sup_prom_pass.bam', 's3://human-pangenomics/working/HPRC/HG01358/raw_data/nanopore/guppy_6/HG01358_5_Guppy_6.5.7_450bps_modbases_5mc_cg_sup_prom_pass.bam']",5,48.2,"[15.58, 19.04, 2.54, 8.76, 2.28]",12,R941,16000,https://raw.githubusercontent.com/mobinasri/flagger/refs/heads/main/misc/alpha_tsv/ONT_R941_Guppy6.3.7/alpha_optimum_trunc_exp_gaussian_w_16000_n_50.ONT_R941_Guppy6.3.7_DEC_2024.v1.1.0.tsv
HG01361,"['s3://human-pangenomics/working/HPRC/HG01361/raw_data/nanopore/guppy_6/HG01361_PAK21070_Guppy_6.5.7_450bps_modbases_5mc_cg_sup_prom_pass.bam', 's3://human-pangenomics/working/HPRC/HG01361/raw_data/nanopore/guppy_6/12_7_22_R941_HG01361_2_Guppy_6.5.7_450bps_modbases_5mc_cg_sup_prom_pass.bam', 's3://human-pangenomics/working/HPRC/HG01361/raw_data/nanopore/guppy_6/12_7_22_R941_HG01361_1_Guppy_6.5.7_450bps_modbases_5mc_cg_sup_prom_pass.bam']",3,62.54,21,map-ont,15,"['s3://human-pangenomics/working/HPRC/HG01361/raw_data/nanopore/guppy_6/12_7_22_R941_HG01361_1_Guppy_6.5.7_450bps_modbases_5mc_cg_sup_prom_pass.bam', 's3://human-pangenomics/working/HPRC/HG01361/raw_data/nanopore/guppy_6/12_7_22_R941_HG01361_2_Guppy_6.5.7_450bps_modbases_5mc_cg_sup_prom_pass.bam', 's3://human-pangenomics/working/HPRC/HG01361/raw_data/nanopore/guppy_6/HG01361_1_Guppy_6.5.7_450bps_modbases_5mc_cg_sup_prom_pass.bam', 's3://human-pangenomics/working/HPRC/HG01361/raw_data/nanopore/guppy_6/HG01361_3_Guppy_6.5.7_450bps_modbases_5mc_cg_sup_prom_pass.bam', 's3://human-pangenomics/working/HPRC/HG01361/raw_data/nanopore/guppy_6/HG01361_5_Guppy_6.5.7_450bps_modbases_5mc_cg_sup_prom_pass.bam', 's3://human-pangenomics/working/HPRC/HG01361/raw_data/nanopore/guppy_6/HG01361_PAK21070_Guppy_6.5.7_450bps_modbases_5mc_cg_sup_prom_pass.bam', 's3://human-pangenomics/working/HPRC/HG01361/raw_data/nanopore/guppy_6/HG01361_PAM54483_Guppy_6.5.7_450bps_modbases_5mc_cg_sup_prom_pass.bam', 's3://human-pangenomics/working/HPRC/HG01361/raw_data/nanopore/guppy_6/HG01361_PAM54634_Guppy_6.5.7_450bps_modbases_5mc_cg_sup_prom_pass.bam', 's3://human-pangenomics/working/HPRC/HG01361/raw_data/nanopore/guppy_6/HG01361_PAM54907_Guppy_6.5.7_450bps_modbases_5mc_cg_sup_prom_pass.bam', 's3://human-pangenomics/working/HPRC/HG01361/raw_data/nanopore/guppy_6/HG01361_PAM61937_Guppy_6.5.7_450bps_modbases_5mc_cg_sup_prom_pass.bam', 's3://human-pangenomics/working/HPRC/HG01361/raw_data/nanopore/guppy_6/HG01361_PAM62496_Guppy_6.5.7_450bps_modbases_5mc_cg_sup_prom_pass.bam']",11,140.46,"[19.22, 19.49, 12.67, 9.34, 3.13, 23.83, 8.05, 8.75, 14.21, 9.25, 12.52]",5,R941,16000,https://raw.githubusercontent.com/mobinasri/flagger/refs/heads/main/misc/alpha_tsv/ONT_R941_Guppy6.3.7/alpha_optimum_trunc_exp_gaussian_w_16000_n_50.ONT_R941_Guppy6.3.7_DEC_2024.v1.1.0.tsv
HG01433,"['s3://human-pangenomics/working/HPRC/HG01433/raw_data/nanopore/guppy_6/08_10_21_R941_HG01433_1_Guppy_6.4.6_450bps_modbases_5mc_cg_sup_prom_pass.bam', 's3://human-pangenomics/working/HPRC/HG01433/raw_data/nanopore/guppy_6/08_10_21_R941_HG01433_2_Guppy_6.4.6_450bps_modbases_5mc_cg_sup_prom_pass.bam', 's3://human-pangenomics/working/HPRC/HG01433/raw_data/nanopore/guppy_6/08_10_21_R941_HG01433_3_Guppy_6.4.6_450bps_modbases_5mc_cg_sup_prom_pass.bam']",3,81.0,21,map-ont,15,"['s3://human-pangenomics/working/HPRC/HG01433/raw_data/nanopore/guppy_6/08_10_21_R941_HG01433_1_Guppy_6.4.6_450bps_modbases_5mc_cg_sup_prom_pass.bam', 's3://human-pangenomics/working/HPRC/HG01433/raw_data/nanopore/guppy_6/08_10_21_R941_HG01433_2_Guppy_6.4.6_450bps_modbases_5mc_cg_sup_prom_pass.bam', 's3://human-pangenomics/working/HPRC/HG01433/raw_data/nanopore/guppy_6/08_10_21_R941_HG01433_3_Guppy_6.4.6_450bps_modbases_5mc_cg_sup_prom_pass.bam']",3,81.0,"[31.67, 24.79, 24.54]",21,R941,16000,https://raw.githubusercontent.com/mobinasri/flagger/refs/heads/main/misc/alpha_tsv/ONT_R941_Guppy6.3.7/alpha_optimum_trunc_exp_gaussian_w_16000_n_50.ONT_R941_Guppy6.3.7_DEC_2024.v1.1.0.tsv
HG01496,"['s3://human-pangenomics/working/HPRC/HG01496/raw_data/nanopore/guppy_6/08_17_21_R941_HG01496_1_Guppy_6.4.6_450bps_modbases_5mc_cg_sup_prom_pass.bam', 's3://human-pangenomics/working/HPRC/HG01496/raw_data/nanopore/guppy_6/08_17_21_R941_HG01496_2_Guppy_6.4.6_450bps_modbases_5mc_cg_sup_prom_pass.bam']",2,63.26,32,map-ont,15,"['s3://human-pangenomics/working/HPRC/HG01496/raw_data/nanopore/guppy_6/08_17_21_R941_HG01496_1_Guppy_6.4.6_450bps_modbases_5mc_cg_sup_prom_pass.bam', 's3://human-pangenomics/working/HPRC/HG01496/raw_data/nanopore/guppy_6/08_17_21_R941_HG01496_2_Guppy_6.4.6_450bps_modbases_5mc_cg_sup_prom_pass.bam', 's3://human-pangenomics/working/HPRC/HG01496/raw_data/nanopore/guppy_6/08_17_21_R941_HG01496_3_Guppy_6.4.6_450bps_modbases_5mc_cg_sup_prom_pass.bam']",3,81.11,"[33.69, 29.57, 17.85]",21,R941,16000,https://raw.githubusercontent.com/mobinasri/flagger/refs/heads/main/misc/alpha_tsv/ONT_R941_Guppy6.3.7/alpha_optimum_trunc_exp_gaussian_w_16000_n_50.ONT_R941_Guppy6.3.7_DEC_2024.v1.1.0.tsv
HG01530,"['s3://human-pangenomics/working/HPRC/HG01530/raw_data/nanopore/guppy_6/09_14_22_R941_HG01530_2_Guppy_6.5.7_450bps_modbases_5mc_cg_sup_prom_pass.bam', 's3://human-pangenomics/working/HPRC/HG01530/raw_data/nanopore/guppy_6/09_14_22_R941_HG01530_3_Guppy_6.5.7_450bps_modbases_5mc_cg_sup_prom_pass.bam', 's3://human-pangenomics/working/HPRC/HG01530/raw_data/nanopore/guppy_6/09_14_22_R941_HG01530_1_Guppy_6.5.7_450bps_modbases_5mc_cg_sup_prom_pass.bam']",3,54.09,21,map-ont,15,"['s3://human-pangenomics/working/HPRC/HG01530/raw_data/nanopore/guppy_6/09_14_22_R941_HG01530_1_Guppy_6.5.7_450bps_modbases_5mc_cg_sup_prom_pass.bam', 's3://human-pangenomics/working/HPRC/HG01530/raw_data/nanopore/guppy_6/09_14_22_R941_HG01530_2_Guppy_6.5.7_450bps_modbases_5mc_cg_sup_prom_pass.bam', 's3://human-pangenomics/working/HPRC/HG01530/raw_data/nanopore/guppy_6/09_14_22_R941_HG01530_3_Guppy_6.5.7_450bps_modbases_5mc_cg_sup_prom_pass.bam']",3,54.09,"[17.09, 19.07, 17.93]",21,R941,16000,https://raw.githubusercontent.com/mobinasri/flagger/refs/heads/main/misc/alpha_tsv/ONT_R941_Guppy6.3.7/alpha_optimum_trunc_exp_gaussian_w_16000_n_50.ONT_R941_Guppy6.3.7_DEC_2024.v1.1.0.tsv
HG01766,"['s3://human-pangenomics/working/HPRC/HG01766/raw_data/nanopore/dorado0.6.0_sup4.3.0_5mCG_5hmCG/09_12_23_R1041_HPRC_HG01766_3_dorado0.6.0_sup4.3.0_5mCG_5hmCG.bam', 's3://human-pangenomics/working/HPRC/HG01766/raw_data/nanopore/dorado0.6.0_sup4.3.0_5mCG_5hmCG/09_12_23_R1041_HPRC_HG01766_1_dorado0.6.0_sup4.3.0_5mCG_5hmCG.bam']",2,62.94,32,lr:hqae,25,"['s3://human-pangenomics/working/HPRC/HG01766/raw_data/nanopore/dorado0.6.0_sup4.3.0_5mCG_5hmCG/09_12_23_R1041_HPRC_HG01766_1_dorado0.6.0_sup4.3.0_5mCG_5hmCG.bam', 's3://human-pangenomics/working/HPRC/HG01766/raw_data/nanopore/dorado0.6.0_sup4.3.0_5mCG_5hmCG/09_12_23_R1041_HPRC_HG01766_3_dorado0.6.0_sup4.3.0_5mCG_5hmCG.bam', 's3://human-pangenomics/working/HPRC/HG01766/raw_data/nanopore/dorado0.6.0_sup4.3.0_5mCG_5hmCG/09_12_23_R1041_HPRC_HG01766_2_dorado0.6.0_sup4.3.0_5mCG_5hmCG.bam']",3,91.74,"[31.46, 31.48, 28.8]",21,R1041,8000,https://raw.githubusercontent.com/mobinasri/flagger/refs/heads/main/misc/alpha_tsv/ONT_R1041_Dorado/alpha_optimum_trunc_exp_gaussian_w_8000_n_50.ONT_R1041_Dorado_DEC_2024.v1.1.0.tsv
HG01784,"['s3://human-pangenomics/working/HPRC/HG01784/raw_data/nanopore/guppy_6/09_14_22_R941_HG01784_2_Guppy_6.5.7_450bps_modbases_5mc_cg_sup_prom_pass.bam', 's3://human-pangenomics/working/HPRC/HG01784/raw_data/nanopore/guppy_6/09_14_22_R941_HG01784_1_Guppy_6.5.7_450bps_modbases_5mc_cg_sup_prom_pass.bam', 's3://human-pangenomics/working/HPRC/HG01784/raw_data/nanopore/guppy_6/09_14_22_R941_HG01784_3_Guppy_6.5.7_450bps_modbases_5mc_cg_sup_prom_pass.bam']",3,70.97,21,map-ont,15,"['s3://human-pangenomics/working/HPRC/HG01784/raw_data/nanopore/guppy_6/09_14_22_R941_HG01784_1_Guppy_6.5.7_450bps_modbases_5mc_cg_sup_prom_pass.bam', 's3://human-pangenomics/working/HPRC/HG01784/raw_data/nanopore/guppy_6/09_14_22_R941_HG01784_2_Guppy_6.5.7_450bps_modbases_5mc_cg_sup_prom_pass.bam', 's3://human-pangenomics/working/HPRC/HG01784/raw_data/nanopore/guppy_6/09_14_22_R941_HG01784_3_Guppy_6.5.7_450bps_modbases_5mc_cg_sup_prom_pass.bam']",3,70.97,"[22.9, 25.58, 22.49]",21,R941,16000,https://raw.githubusercontent.com/mobinasri/flagger/refs/heads/main/misc/alpha_tsv/ONT_R941_Guppy6.3.7/alpha_optimum_trunc_exp_gaussian_w_16000_n_50.ONT_R941_Guppy6.3.7_DEC_2024.v1.1.0.tsv
HG01785,"['s3://human-pangenomics/working/HPRC/HG01785/raw_data/nanopore/dorado0.6.0_sup4.3.0_5mCG_5hmCG/08_08_23_R1041_HPRC_HG01785_3_dorado0.6.0_sup4.3.0_5mCG_5hmCG.bam', 's3://human-pangenomics/working/HPRC/HG01785/raw_data/nanopore/dorado0.6.0_sup4.3.0_5mCG_5hmCG/08_08_23_R1041_HPRC_HG01785_1_dorado0.6.0_sup4.3.0_5mCG_5hmCG.bam', 's3://human-pangenomics/working/HPRC/HG01785/raw_data/nanopore/dorado0.6.0_sup4.3.0_5mCG_5hmCG/08_08_23_R1041_HPRC_HG01785_2_dorado0.6.0_sup4.3.0_5mCG_5hmCG.bam']",3,69.0,21,lr:hqae,25,"['s3://human-pangenomics/working/HPRC/HG01785/raw_data/nanopore/dorado0.6.0_sup4.3.0_5mCG_5hmCG/08_08_23_R1041_HPRC_HG01785_2_dorado0.6.0_sup4.3.0_5mCG_5hmCG.bam', 's3://human-pangenomics/working/HPRC/HG01785/raw_data/nanopore/dorado0.6.0_sup4.3.0_5mCG_5hmCG/08_08_23_R1041_HPRC_HG01785_3_dorado0.6.0_sup4.3.0_5mCG_5hmCG.bam', 's3://human-pangenomics/working/HPRC/HG01785/raw_data/nanopore/dorado0.6.0_sup4.3.0_5mCG_5hmCG/08_08_23_R1041_HPRC_HG01785_1_dorado0.6.0_sup4.3.0_5mCG_5hmCG.bam']",3,69.0,"[21.67, 24.76, 22.57]",21,R1041,8000,https://raw.githubusercontent.com/mobinasri/flagger/refs/heads/main/misc/alpha_tsv/ONT_R1041_Dorado/alpha_optimum_trunc_exp_gaussian_w_8000_n_50.ONT_R1041_Dorado_DEC_2024.v1.1.0.tsv
HG01786,"['s3://human-pangenomics/working/HPRC/HG01786/raw_data/nanopore/dorado0.6.0_sup4.3.0_5mCG_5hmCG/11_28_23_R1041_HPRC_HG01786_2_dorado0.6.0_sup4.3.0_5mCG_5hmCG.bam', 's3://human-pangenomics/working/HPRC/HG01786/raw_data/nanopore/dorado0.6.0_sup4.3.0_5mCG_5hmCG/11_28_23_R1041_HPRC_HG01786_1_dorado0.6.0_sup4.3.0_5mCG_5hmCG.bam']",2,60.22,32,lr:hqae,25,"['s3://human-pangenomics/working/HPRC/HG01786/raw_data/nanopore/dorado0.6.0_sup4.3.0_5mCG_5hmCG/11_28_23_R1041_HPRC_HG01786_3_dorado0.6.0_sup4.3.0_5mCG_5hmCG.bam', 's3://human-pangenomics/working/HPRC/HG01786/raw_data/nanopore/dorado0.6.0_sup4.3.0_5mCG_5hmCG/11_28_23_R1041_HPRC_HG01786_2_dorado0.6.0_sup4.3.0_5mCG_5hmCG.bam', 's3://human-pangenomics/working/HPRC/HG01786/raw_data/nanopore/dorado0.6.0_sup4.3.0_5mCG_5hmCG/11_28_23_R1041_HPRC_HG01786_1_dorado0.6.0_sup4.3.0_5mCG_5hmCG.bam']",3,79.92,"[19.7, 32.56, 27.66]",21,R1041,8000,https://raw.githubusercontent.com/mobinasri/flagger/refs/heads/main/misc/alpha_tsv/ONT_R1041_Dorado/alpha_optimum_trunc_exp_gaussian_w_8000_n_50.ONT_R1041_Dorado_DEC_2024.v1.1.0.tsv
HG01798,"['s3://human-pangenomics/working/HPRC/HG01798/raw_data/nanopore/dorado0.6.0_sup4.3.0_5mCG_5hmCG/08_29_23_R1041_HPRC_HG01798_1_dorado0.6.0_sup4.3.0_5mCG_5hmCG.bam', 's3://human-pangenomics/working/HPRC/HG01798/raw_data/nanopore/dorado0.6.0_sup4.3.0_5mCG_5hmCG/08_29_23_R1041_HPRC_HG01798_2_dorado0.6.0_sup4.3.0_5mCG_5hmCG.bam', 's3://human-pangenomics/working/HPRC/HG01798/raw_data/nanopore/dorado0.6.0_sup4.3.0_5mCG_5hmCG/08_29_23_R1041_HPRC_HG01798_3_dorado0.6.0_sup4.3.0_5mCG_5hmCG.bam']",3,52.05,21,lr:hqae,25,"['s3://human-pangenomics/working/HPRC/HG01798/raw_data/nanopore/dorado0.6.0_sup4.3.0_5mCG_5hmCG/08_29_23_R1041_HPRC_HG01798_3_dorado0.6.0_sup4.3.0_5mCG_5hmCG.bam', 's3://human-pangenomics/working/HPRC/HG01798/raw_data/nanopore/dorado0.6.0_sup4.3.0_5mCG_5hmCG/08_29_23_R1041_HPRC_HG01798_2_dorado0.6.0_sup4.3.0_5mCG_5hmCG.bam', 's3://human-pangenomics/working/HPRC/HG01798/raw_data/nanopore/dorado0.6.0_sup4.3.0_5mCG_5hmCG/08_29_23_R1041_HPRC_HG01798_1_dorado0.6.0_sup4.3.0_5mCG_5hmCG.bam']",3,52.05,"[14.9, 18.37, 18.78]",21,R1041,8000,https://raw.githubusercontent.com/mobinasri/flagger/refs/heads/main/misc/alpha_tsv/ONT_R1041_Dorado/alpha_optimum_trunc_exp_gaussian_w_8000_n_50.ONT_R1041_Dorado_DEC_2024.v1.1.0.tsv
HG01884,"['s3://human-pangenomics/working/HPRC/HG01884/raw_data/nanopore/guppy_6/08_17_21_R941_HG01884_1_Guppy_6.4.6_450bps_modbases_5mc_cg_sup_prom_pass.bam', 's3://human-pangenomics/working/HPRC/HG01884/raw_data/nanopore/guppy_6/08_17_21_R941_HG01884_2_Guppy_6.4.6_450bps_modbases_5mc_cg_sup_prom_pass.bam', 's3://human-pangenomics/working/HPRC/HG01884/raw_data/nanopore/guppy_6/08_17_21_R941_HG01884_3_Guppy_6.4.6_450bps_modbases_5mc_cg_sup_prom_pass.bam']",3,54.33,21,map-ont,15,"['s3://human-pangenomics/working/HPRC/HG01884/raw_data/nanopore/guppy_6/08_17_21_R941_HG01884_1_Guppy_6.4.6_450bps_modbases_5mc_cg_sup_prom_pass.bam', 's3://human-pangenomics/working/HPRC/HG01884/raw_data/nanopore/guppy_6/08_17_21_R941_HG01884_2_Guppy_6.4.6_450bps_modbases_5mc_cg_sup_prom_pass.bam', 's3://human-pangenomics/working/HPRC/HG01884/raw_data/nanopore/guppy_6/08_17_21_R941_HG01884_3_Guppy_6.4.6_450bps_modbases_5mc_cg_sup_prom_pass.bam']",3,54.33,"[20.44, 20.0, 13.89]",21,R941,16000,https://raw.githubusercontent.com/mobinasri/flagger/refs/heads/main/misc/alpha_tsv/ONT_R941_Guppy6.3.7/alpha_optimum_trunc_exp_gaussian_w_16000_n_50.ONT_R941_Guppy6.3.7_DEC_2024.v1.1.0.tsv
HG01891,"['s3://human-pangenomics/working/HPRC/HG01891/raw_data/nanopore/guppy_6/12_7_22_R941_HG01891_1_Guppy_6.5.7_450bps_modbases_5mc_cg_sup_prom_pass.bam', 's3://human-pangenomics/working/HPRC/HG01891/raw_data/nanopore/guppy_6/12_7_22_R941_HG01891_2_Guppy_6.5.7_450bps_modbases_5mc_cg_sup_prom_pass.bam', 's3://human-pangenomics/working/HPRC/HG01891/raw_data/nanopore/guppy_6/HG01891_4_Guppy_6.5.7_450bps_modbases_5mc_cg_sup_prom_pass.bam', 's3://human-pangenomics/working/HPRC/HG01891/raw_data/nanopore/guppy_6/HG01891_3_Guppy_6.5.7_450bps_modbases_5mc_cg_sup_prom_pass.bam']",4,63.24,16,map-ont,15,"['s3://human-pangenomics/working/HPRC/HG01891/raw_data/nanopore/guppy_6/12_7_22_R941_HG01891_1_Guppy_6.5.7_450bps_modbases_5mc_cg_sup_prom_pass.bam', 's3://human-pangenomics/working/HPRC/HG01891/raw_data/nanopore/guppy_6/12_7_22_R941_HG01891_2_Guppy_6.5.7_450bps_modbases_5mc_cg_sup_prom_pass.bam', 's3://human-pangenomics/working/HPRC/HG01891/raw_data/nanopore/guppy_6/HG01891_2_Guppy_6.5.7_450bps_modbases_5mc_cg_sup_prom_pass.bam', 's3://human-pangenomics/working/HPRC/HG01891/raw_data/nanopore/guppy_6/HG01891_3_Guppy_6.5.7_450bps_modbases_5mc_cg_sup_prom_pass.bam', 's3://human-pangenomics/working/HPRC/HG01891/raw_data/nanopore/guppy_6/HG01891_4_Guppy_6.5.7_450bps_modbases_5mc_cg_sup_prom_pass.bam']",5,68.05,"[20.25, 19.59, 4.81, 9.76, 13.64]",12,R941,16000,https://raw.githubusercontent.com/mobinasri/flagger/refs/heads/main/misc/alpha_tsv/ONT_R941_Guppy6.3.7/alpha_optimum_trunc_exp_gaussian_w_16000_n_50.ONT_R941_Guppy6.3.7_DEC_2024.v1.1.0.tsv
HG01894,"['s3://human-pangenomics/working/HPRC/HG01894/raw_data/nanopore/dorado0.6.0_sup4.3.0_5mCG_5hmCG/10_10_23_R1041_HPRC_HG01894_2_dorado0.6.0_sup4.3.0_5mCG_5hmCG.bam', 's3://human-pangenomics/working/HPRC/HG01894/raw_data/nanopore/dorado0.6.0_sup4.3.0_5mCG_5hmCG/10_10_23_R1041_HPRC_HG01894_1_dorado0.6.0_sup4.3.0_5mCG_5hmCG.bam', 's3://human-pangenomics/working/HPRC/HG01894/raw_data/nanopore/dorado0.6.0_sup4.3.0_5mCG_5hmCG/10_10_23_R1041_HPRC_HG01894_3_dorado0.6.0_sup4.3.0_5mCG_5hmCG.bam']",3,47.76,21,lr:hqae,25,"['s3://human-pangenomics/working/HPRC/HG01894/raw_data/nanopore/dorado0.6.0_sup4.3.0_5mCG_5hmCG/10_10_23_R1041_HPRC_HG01894_2_dorado0.6.0_sup4.3.0_5mCG_5hmCG.bam', 's3://human-pangenomics/working/HPRC/HG01894/raw_data/nanopore/dorado0.6.0_sup4.3.0_5mCG_5hmCG/10_10_23_R1041_HPRC_HG01894_3_dorado0.6.0_sup4.3.0_5mCG_5hmCG.bam', 's3://human-pangenomics/working/HPRC/HG01894/raw_data/nanopore/dorado0.6.0_sup4.3.0_5mCG_5hmCG/10_10_23_R1041_HPRC_HG01894_1_dorado0.6.0_sup4.3.0_5mCG_5hmCG.bam']",3,47.76,"[16.34, 15.2, 16.22]",21,R1041,8000,https://raw.githubusercontent.com/mobinasri/flagger/refs/heads/main/misc/alpha_tsv/ONT_R1041_Dorado/alpha_optimum_trunc_exp_gaussian_w_8000_n_50.ONT_R1041_Dorado_DEC_2024.v1.1.0.tsv
HG01928,"['s3://human-pangenomics/working/HPRC/HG01928/raw_data/nanopore/guppy_6/HG01928_PAK44599_Guppy_6.5.7_450bps_modbases_5mc_cg_sup_prom_pass.bam', 's3://human-pangenomics/working/HPRC/HG01928/raw_data/nanopore/guppy_6/HG01928_PAK43931_Guppy_6.5.7_450bps_modbases_5mc_cg_sup_prom_pass.bam', 's3://human-pangenomics/working/HPRC/HG01928/raw_data/nanopore/guppy_6/HG01928_PAK45742_Guppy_6.5.7_450bps_modbases_5mc_cg_sup_prom_pass.bam', 's3://human-pangenomics/working/HPRC/HG01928/raw_data/nanopore/guppy_6/HG01928_PAK43967_Guppy_6.5.7_450bps_modbases_5mc_cg_sup_prom_pass.bam']",4,61.96,16,map-ont,15,"['s3://human-pangenomics/working/HPRC/HG01928/raw_data/nanopore/guppy_6/HG01928_1_Guppy_6.5.7_450bps_modbases_5mc_cg_sup_prom_pass.bam', 's3://human-pangenomics/working/HPRC/HG01928/raw_data/nanopore/guppy_6/HG01928_3_Guppy_6.5.7_450bps_modbases_5mc_cg_sup_prom_pass.bam', 's3://human-pangenomics/working/HPRC/HG01928/raw_data/nanopore/guppy_6/HG01928_5_Guppy_6.5.7_450bps_modbases_5mc_cg_sup_prom_pass.bam', 's3://human-pangenomics/working/HPRC/HG01928/raw_data/nanopore/guppy_6/HG01928_PAK43931_Guppy_6.5.7_450bps_modbases_5mc_cg_sup_prom_pass.bam', 's3://human-pangenomics/working/HPRC/HG01928/raw_data/nanopore/guppy_6/HG01928_PAK43967_Guppy_6.5.7_450bps_modbases_5mc_cg_sup_prom_pass.bam', 's3://human-pangenomics/working/HPRC/HG01928/raw_data/nanopore/guppy_6/HG01928_PAK44506_Guppy_6.5.7_450bps_modbases_5mc_cg_sup_prom_pass.bam', 's3://human-pangenomics/working/HPRC/HG01928/raw_data/nanopore/guppy_6/HG01928_PAK44599_Guppy_6.5.7_450bps_modbases_5mc_cg_sup_prom_pass.bam', 's3://human-pangenomics/working/HPRC/HG01928/raw_data/nanopore/guppy_6/HG01928_PAK45742_Guppy_6.5.7_450bps_modbases_5mc_cg_sup_prom_pass.bam', 's3://human-pangenomics/working/HPRC/HG01928/raw_data/nanopore/guppy_6/HG01928_PAM34944_Guppy_6.5.7_450bps_modbases_5mc_cg_sup_prom_pass.bam']",9,104.21,"[2.03, 4.82, 9.83, 15.72, 14.6, 13.39, 16.55, 15.09, 12.18]",7,R941,16000,https://raw.githubusercontent.com/mobinasri/flagger/refs/heads/main/misc/alpha_tsv/ONT_R941_Guppy6.3.7/alpha_optimum_trunc_exp_gaussian_w_16000_n_50.ONT_R941_Guppy6.3.7_DEC_2024.v1.1.0.tsv
HG01934,"['s3://human-pangenomics/working/HPRC/HG01934/raw_data/nanopore/guppy_6/07_27_21_R941_HG01934_3_Guppy_6.4.6_450bps_modbases_5mc_cg_sup_prom_pass.bam', 's3://human-pangenomics/working/HPRC/HG01934/raw_data/nanopore/guppy_6/07_27_21_R941_HG01934_1_Guppy_6.4.6_450bps_modbases_5mc_cg_sup_prom_pass.bam', 's3://human-pangenomics/working/HPRC/HG01934/raw_data/nanopore/guppy_6/07_27_21_R941_HG01934_4_Guppy_6.4.6_450bps_modbases_5mc_cg_sup_prom_pass.bam']",3,72.85,21,map-ont,15,"['s3://human-pangenomics/working/HPRC/HG01934/raw_data/nanopore/guppy_6/07_27_21_R941_HG01934_1_Guppy_6.4.6_450bps_modbases_5mc_cg_sup_prom_pass.bam', 's3://human-pangenomics/working/HPRC/HG01934/raw_data/nanopore/guppy_6/07_27_21_R941_HG01934_2_Guppy_6.4.6_450bps_modbases_5mc_cg_sup_prom_pass.bam', 's3://human-pangenomics/working/HPRC/HG01934/raw_data/nanopore/guppy_6/07_27_21_R941_HG01934_3_Guppy_6.4.6_450bps_modbases_5mc_cg_sup_prom_pass.bam', 's3://human-pangenomics/working/HPRC/HG01934/raw_data/nanopore/guppy_6/07_27_21_R941_HG01934_4_Guppy_6.4.6_450bps_modbases_5mc_cg_sup_prom_pass.bam']",4,75.6,"[26.3, 2.75, 27.69, 18.86]",16,R941,16000,https://raw.githubusercontent.com/mobinasri/flagger/refs/heads/main/misc/alpha_tsv/ONT_R941_Guppy6.3.7/alpha_optimum_trunc_exp_gaussian_w_16000_n_50.ONT_R941_Guppy6.3.7_DEC_2024.v1.1.0.tsv
HG01940,"['s3://human-pangenomics/working/HPRC/HG01940/raw_data/nanopore/guppy_6/03_01_22_R941_HG01940_1_Guppy_6.5.7_450bps_modbases_5mc_cg_sup_prom_pass.bam', 's3://human-pangenomics/working/HPRC/HG01940/raw_data/nanopore/guppy_6/03_01_22_R941_HG01940_2_Guppy_6.5.7_450bps_modbases_5mc_cg_sup_prom_pass.bam', 's3://human-pangenomics/working/HPRC/HG01940/raw_data/nanopore/guppy_6/03_01_22_R941_HG01940_3_Guppy_6.5.7_450bps_modbases_5mc_cg_sup_prom_pass.bam']",3,75.45,21,map-ont,15,"['s3://human-pangenomics/working/HPRC/HG01940/raw_data/nanopore/guppy_6/03_01_22_R941_HG01940_1_Guppy_6.5.7_450bps_modbases_5mc_cg_sup_prom_pass.bam', 's3://human-pangenomics/working/HPRC/HG01940/raw_data/nanopore/guppy_6/03_01_22_R941_HG01940_2_Guppy_6.5.7_450bps_modbases_5mc_cg_sup_prom_pass.bam', 's3://human-pangenomics/working/HPRC/HG01940/raw_data/nanopore/guppy_6/03_01_22_R941_HG01940_3_Guppy_6.5.7_450bps_modbases_5mc_cg_sup_prom_pass.bam']",3,75.45,"[27.88, 25.97, 21.6]",21,R941,16000,https://raw.githubusercontent.com/mobinasri/flagger/refs/heads/main/misc/alpha_tsv/ONT_R941_Guppy6.3.7/alpha_optimum_trunc_exp_gaussian_w_16000_n_50.ONT_R941_Guppy6.3.7_DEC_2024.v1.1.0.tsv
HG01943,"['s3://human-pangenomics/working/HPRC/HG01943/raw_data/nanopore/guppy_6/08_17_21_R941_HG01943_1_Guppy_6.4.6_450bps_modbases_5mc_cg_sup_prom_pass.bam', 's3://human-pangenomics/working/HPRC/HG01943/raw_data/nanopore/guppy_6/08_17_21_R941_HG01943_3_Guppy_6.4.6_450bps_modbases_5mc_cg_sup_prom_pass.bam', 's3://human-pangenomics/working/HPRC/HG01943/raw_data/nanopore/guppy_6/08_17_21_R941_HG01943_2_Guppy_6.4.6_450bps_modbases_5mc_cg_sup_prom_pass.bam']",3,62.64,21,map-ont,15,"['s3://human-pangenomics/working/HPRC/HG01943/raw_data/nanopore/guppy_6/08_17_21_R941_HG01943_1_Guppy_6.4.6_450bps_modbases_5mc_cg_sup_prom_pass.bam', 's3://human-pangenomics/working/HPRC/HG01943/raw_data/nanopore/guppy_6/08_17_21_R941_HG01943_2_Guppy_6.4.6_450bps_modbases_5mc_cg_sup_prom_pass.bam', 's3://human-pangenomics/working/HPRC/HG01943/raw_data/nanopore/guppy_6/08_17_21_R941_HG01943_3_Guppy_6.4.6_450bps_modbases_5mc_cg_sup_prom_pass.bam']",3,62.64,"[27.02, 15.07, 20.55]",21,R941,16000,https://raw.githubusercontent.com/mobinasri/flagger/refs/heads/main/misc/alpha_tsv/ONT_R941_Guppy6.3.7/alpha_optimum_trunc_exp_gaussian_w_16000_n_50.ONT_R941_Guppy6.3.7_DEC_2024.v1.1.0.tsv
HG01952,"['s3://human-pangenomics/working/HPRC/HG01952/raw_data/nanopore/guppy_6/03_14_23_R941_HG01952_1_Guppy_6.5.7_450bps_modbases_5mc_cg_sup_prom_pass.bam', 's3://human-pangenomics/working/HPRC/HG01952/raw_data/nanopore/guppy_6/03_14_23_R941_HG01952_2_Guppy_6.5.7_450bps_modbases_5mc_cg_sup_prom_pass.bam', 's3://human-pangenomics/working/HPRC/HG01952/raw_data/nanopore/guppy_6/HG01952_5_Guppy_6.5.7_450bps_modbases_5mc_cg_sup_prom_pass.bam']",3,60.05,21,map-ont,15,"['s3://human-pangenomics/working/HPRC/HG01952/raw_data/nanopore/guppy_6/03_14_23_R941_HG01952_1_Guppy_6.5.7_450bps_modbases_5mc_cg_sup_prom_pass.bam', 's3://human-pangenomics/working/HPRC/HG01952/raw_data/nanopore/guppy_6/03_14_23_R941_HG01952_2_Guppy_6.5.7_450bps_modbases_5mc_cg_sup_prom_pass.bam', 's3://human-pangenomics/working/HPRC/HG01952/raw_data/nanopore/guppy_6/HG01952_1_Guppy_6.5.7_450bps_modbases_5mc_cg_sup_prom_pass.bam', 's3://human-pangenomics/working/HPRC/HG01952/raw_data/nanopore/guppy_6/HG01952_3_Guppy_6.5.7_450bps_modbases_5mc_cg_sup_prom_pass.bam', 's3://human-pangenomics/working/HPRC/HG01952/raw_data/nanopore/guppy_6/HG01952_5_Guppy_6.5.7_450bps_modbases_5mc_cg_sup_prom_pass.bam']",5,72.86,"[24.65, 24.03, 9.23, 3.58, 11.37]",12,R941,16000,https://raw.githubusercontent.com/mobinasri/flagger/refs/heads/main/misc/alpha_tsv/ONT_R941_Guppy6.3.7/alpha_optimum_trunc_exp_gaussian_w_16000_n_50.ONT_R941_Guppy6.3.7_DEC_2024.v1.1.0.tsv
HG01960,"['s3://human-pangenomics/working/HPRC/HG01960/raw_data/nanopore/guppy_6/08_03_21_R941_HG01960_2_Guppy_6.5.7_450bps_modbases_5mc_cg_sup_prom_pass.bam', 's3://human-pangenomics/working/HPRC/HG01960/raw_data/nanopore/guppy_6/08_03_21_R941_HG01960_1_Guppy_6.5.7_450bps_modbases_5mc_cg_sup_prom_pass.bam', 's3://human-pangenomics/working/HPRC/HG01960/raw_data/nanopore/guppy_6/08_03_21_R941_HG01960_3_Guppy_6.5.7_450bps_modbases_5mc_cg_sup_prom_pass.bam', 's3://human-pangenomics/working/HPRC/HG01960/raw_data/nanopore/guppy_6/08_03_21_R941_HG01960_4_Guppy_6.5.7_450bps_modbases_5mc_cg_sup_prom_pass.bam']",4,49.1,16,map-ont,15,"['s3://human-pangenomics/working/HPRC/HG01960/raw_data/nanopore/guppy_6/08_03_21_R941_HG01960_1_Guppy_6.5.7_450bps_modbases_5mc_cg_sup_prom_pass.bam', 's3://human-pangenomics/working/HPRC/HG01960/raw_data/nanopore/guppy_6/08_03_21_R941_HG01960_2_Guppy_6.5.7_450bps_modbases_5mc_cg_sup_prom_pass.bam', 's3://human-pangenomics/working/HPRC/HG01960/raw_data/nanopore/guppy_6/08_03_21_R941_HG01960_3_Guppy_6.5.7_450bps_modbases_5mc_cg_sup_prom_pass.bam', 's3://human-pangenomics/working/HPRC/HG01960/raw_data/nanopore/guppy_6/08_03_21_R941_HG01960_4_Guppy_6.5.7_450bps_modbases_5mc_cg_sup_prom_pass.bam']",4,49.1,"[10.74, 27.99, 7.31, 3.06]",16,R941,16000,https://raw.githubusercontent.com/mobinasri/flagger/refs/heads/main/misc/alpha_tsv/ONT_R941_Guppy6.3.7/alpha_optimum_trunc_exp_gaussian_w_16000_n_50.ONT_R941_Guppy6.3.7_DEC_2024.v1.1.0.tsv
HG01969,"['s3://human-pangenomics/working/HPRC/HG01969/raw_data/nanopore/guppy_6/03_01_22_R941_HG01969_2_Guppy_6.5.7_450bps_modbases_5mc_cg_sup_prom_pass.bam', 's3://human-pangenomics/working/HPRC/HG01969/raw_data/nanopore/guppy_6/03_01_22_R941_HG01969_3_Guppy_6.5.7_450bps_modbases_5mc_cg_sup_prom_pass.bam', 's3://human-pangenomics/working/HPRC/HG01969/raw_data/nanopore/guppy_6/03_01_22_R941_HG01969_1_Guppy_6.5.7_450bps_modbases_5mc_cg_sup_prom_pass.bam']",3,60.22,21,map-ont,15,"['s3://human-pangenomics/working/HPRC/HG01969/raw_data/nanopore/guppy_6/03_01_22_R941_HG01969_1_Guppy_6.5.7_450bps_modbases_5mc_cg_sup_prom_pass.bam', 's3://human-pangenomics/working/HPRC/HG01969/raw_data/nanopore/guppy_6/03_01_22_R941_HG01969_2_Guppy_6.5.7_450bps_modbases_5mc_cg_sup_prom_pass.bam', 's3://human-pangenomics/working/HPRC/HG01969/raw_data/nanopore/guppy_6/03_01_22_R941_HG01969_3_Guppy_6.5.7_450bps_modbases_5mc_cg_sup_prom_pass.bam']",3,60.22,"[13.87, 27.65, 18.7]",21,R941,16000,https://raw.githubusercontent.com/mobinasri/flagger/refs/heads/main/misc/alpha_tsv/ONT_R941_Guppy6.3.7/alpha_optimum_trunc_exp_gaussian_w_16000_n_50.ONT_R941_Guppy6.3.7_DEC_2024.v1.1.0.tsv
HG01975,"['s3://human-pangenomics/working/HPRC/HG01975/raw_data/nanopore/guppy_6/08_03_21_R941_HG01975_1_Guppy_6.5.7_450bps_modbases_5mc_cg_sup_prom_pass.bam', 's3://human-pangenomics/working/HPRC/HG01975/raw_data/nanopore/guppy_6/08_03_21_R941_HG01975_3_Guppy_6.5.7_450bps_modbases_5mc_cg_sup_prom_pass.bam', 's3://human-pangenomics/working/HPRC/HG01975/raw_data/nanopore/guppy_6/08_03_21_R941_HG01975_2_Guppy_6.5.7_450bps_modbases_5mc_cg_sup_prom_pass.bam']",3,78.43,21,map-ont,15,"['s3://human-pangenomics/working/HPRC/HG01975/raw_data/nanopore/guppy_6/08_03_21_R941_HG01975_1_Guppy_6.5.7_450bps_modbases_5mc_cg_sup_prom_pass.bam', 's3://human-pangenomics/working/HPRC/HG01975/raw_data/nanopore/guppy_6/08_03_21_R941_HG01975_2_Guppy_6.5.7_450bps_modbases_5mc_cg_sup_prom_pass.bam', 's3://human-pangenomics/working/HPRC/HG01975/raw_data/nanopore/guppy_6/08_03_21_R941_HG01975_3_Guppy_6.5.7_450bps_modbases_5mc_cg_sup_prom_pass.bam']",3,78.43,"[33.07, 22.43, 22.93]",21,R941,16000,https://raw.githubusercontent.com/mobinasri/flagger/refs/heads/main/misc/alpha_tsv/ONT_R941_Guppy6.3.7/alpha_optimum_trunc_exp_gaussian_w_16000_n_50.ONT_R941_Guppy6.3.7_DEC_2024.v1.1.0.tsv
HG01978,"['s3://human-pangenomics/working/HPRC/HG01978/raw_data/nanopore/guppy_6/HG01978_PAM62481_Guppy_6.5.7_450bps_modbases_5mc_cg_sup_prom_pass.bam', 's3://human-pangenomics/working/HPRC/HG01978/raw_data/nanopore/guppy_6/HG01978_PAK27968_Guppy_6.5.7_450bps_modbases_5mc_cg_sup_prom_pass.bam', 's3://human-pangenomics/working/HPRC/HG01978/raw_data/nanopore/guppy_6/HG01978_3_Guppy_6.5.7_450bps_modbases_5mc_cg_sup_prom_pass.bam', 's3://human-pangenomics/working/HPRC/HG01978/raw_data/nanopore/guppy_6/HG01978_PAM54633_Guppy_6.5.7_450bps_modbases_5mc_cg_sup_prom_pass.bam']",4,60.33,16,map-ont,15,"['s3://human-pangenomics/working/HPRC/HG01978/raw_data/nanopore/guppy_6/HG01978_1_Guppy_6.5.7_450bps_modbases_5mc_cg_sup_prom_pass.bam', 's3://human-pangenomics/working/HPRC/HG01978/raw_data/nanopore/guppy_6/HG01978_3_Guppy_6.5.7_450bps_modbases_5mc_cg_sup_prom_pass.bam', 's3://human-pangenomics/working/HPRC/HG01978/raw_data/nanopore/guppy_6/HG01978_5_Guppy_6.5.7_450bps_modbases_5mc_cg_sup_prom_pass.bam', 's3://human-pangenomics/working/HPRC/HG01978/raw_data/nanopore/guppy_6/HG01978_PAK27968_Guppy_6.5.7_450bps_modbases_5mc_cg_sup_prom_pass.bam', 's3://human-pangenomics/working/HPRC/HG01978/raw_data/nanopore/guppy_6/HG01978_PAM54485_Guppy_6.5.7_450bps_modbases_5mc_cg_sup_prom_pass.bam', 's3://human-pangenomics/working/HPRC/HG01978/raw_data/nanopore/guppy_6/HG01978_PAM54633_Guppy_6.5.7_450bps_modbases_5mc_cg_sup_prom_pass.bam', 's3://human-pangenomics/working/HPRC/HG01978/raw_data/nanopore/guppy_6/HG01978_PAM59653_Guppy_6.5.7_450bps_modbases_5mc_cg_sup_prom_pass.bam', 's3://human-pangenomics/working/HPRC/HG01978/raw_data/nanopore/guppy_6/HG01978_PAM62027_Guppy_6.5.7_450bps_modbases_5mc_cg_sup_prom_pass.bam', 's3://human-pangenomics/working/HPRC/HG01978/raw_data/nanopore/guppy_6/HG01978_PAM62481_Guppy_6.5.7_450bps_modbases_5mc_cg_sup_prom_pass.bam']",9,109.02,"[5.12, 14.47, 11.79, 14.77, 8.84, 12.67, 12.27, 10.67, 18.42]",7,R941,16000,https://raw.githubusercontent.com/mobinasri/flagger/refs/heads/main/misc/alpha_tsv/ONT_R941_Guppy6.3.7/alpha_optimum_trunc_exp_gaussian_w_16000_n_50.ONT_R941_Guppy6.3.7_DEC_2024.v1.1.0.tsv
HG01981,"['s3://human-pangenomics/working/HPRC/HG01981/raw_data/nanopore/guppy_6/08_25_21_R941_HG01981_2_Guppy_6.4.6_450bps_modbases_5mc_cg_sup_prom_pass.bam', 's3://human-pangenomics/working/HPRC/HG01981/raw_data/nanopore/guppy_6/08_25_21_R941_HG01981_3_Guppy_6.4.6_450bps_modbases_5mc_cg_sup_prom_pass.bam', 's3://human-pangenomics/working/HPRC/HG01981/raw_data/nanopore/guppy_6/08_25_21_R941_HG01981_1_Guppy_6.4.6_450bps_modbases_5mc_cg_sup_prom_pass.bam']",3,62.57,21,map-ont,15,"['s3://human-pangenomics/working/HPRC/HG01981/raw_data/nanopore/guppy_6/08_25_21_R941_HG01981_1_Guppy_6.4.6_450bps_modbases_5mc_cg_sup_prom_pass.bam', 's3://human-pangenomics/working/HPRC/HG01981/raw_data/nanopore/guppy_6/08_25_21_R941_HG01981_2_Guppy_6.4.6_450bps_modbases_5mc_cg_sup_prom_pass.bam', 's3://human-pangenomics/working/HPRC/HG01981/raw_data/nanopore/guppy_6/08_25_21_R941_HG01981_3_Guppy_6.4.6_450bps_modbases_5mc_cg_sup_prom_pass.bam']",3,62.57,"[17.09, 24.49, 20.99]",21,R941,16000,https://raw.githubusercontent.com/mobinasri/flagger/refs/heads/main/misc/alpha_tsv/ONT_R941_Guppy6.3.7/alpha_optimum_trunc_exp_gaussian_w_16000_n_50.ONT_R941_Guppy6.3.7_DEC_2024.v1.1.0.tsv
HG01993,"['s3://human-pangenomics/working/HPRC/HG01993/raw_data/nanopore/guppy_6/08_10_21_R941_HG01993_2_Guppy_6.4.6_450bps_modbases_5mc_cg_sup_prom_pass.bam', 's3://human-pangenomics/working/HPRC/HG01993/raw_data/nanopore/guppy_6/08_10_21_R941_HG01993_3_Guppy_6.4.6_450bps_modbases_5mc_cg_sup_prom_pass.bam']",2,70.52,32,map-ont,15,"['s3://human-pangenomics/working/HPRC/HG01993/raw_data/nanopore/guppy_6/08_10_21_R941_HG01993_1_Guppy_6.4.6_450bps_modbases_5mc_cg_sup_prom_pass.bam', 's3://human-pangenomics/working/HPRC/HG01993/raw_data/nanopore/guppy_6/08_10_21_R941_HG01993_2_Guppy_6.4.6_450bps_modbases_5mc_cg_sup_prom_pass.bam', 's3://human-pangenomics/working/HPRC/HG01993/raw_data/nanopore/guppy_6/08_10_21_R941_HG01993_3_Guppy_6.4.6_450bps_modbases_5mc_cg_sup_prom_pass.bam']",3,95.12,"[24.6, 35.76, 34.76]",21,R941,16000,https://raw.githubusercontent.com/mobinasri/flagger/refs/heads/main/misc/alpha_tsv/ONT_R941_Guppy6.3.7/alpha_optimum_trunc_exp_gaussian_w_16000_n_50.ONT_R941_Guppy6.3.7_DEC_2024.v1.1.0.tsv
HG02004,"['s3://human-pangenomics/working/HPRC/HG02004/raw_data/nanopore/guppy_6/08_25_21_R941_HG02004_1_Guppy_6.4.6_450bps_modbases_5mc_cg_sup_prom_pass.bam', 's3://human-pangenomics/working/HPRC/HG02004/raw_data/nanopore/guppy_6/08_25_21_R941_HG02004_2_Guppy_6.4.6_450bps_modbases_5mc_cg_sup_prom_pass.bam']",2,66.69,32,map-ont,15,"['s3://human-pangenomics/working/HPRC/HG02004/raw_data/nanopore/guppy_6/08_25_21_R941_HG02004_1_Guppy_6.4.6_450bps_modbases_5mc_cg_sup_prom_pass.bam', 's3://human-pangenomics/working/HPRC/HG02004/raw_data/nanopore/guppy_6/08_25_21_R941_HG02004_2_Guppy_6.4.6_450bps_modbases_5mc_cg_sup_prom_pass.bam', 's3://human-pangenomics/working/HPRC/HG02004/raw_data/nanopore/guppy_6/08_25_21_R941_HG02004_3_Guppy_6.4.6_450bps_modbases_5mc_cg_sup_prom_pass.bam']",3,84.43,"[35.45, 31.24, 17.74]",21,R941,16000,https://raw.githubusercontent.com/mobinasri/flagger/refs/heads/main/misc/alpha_tsv/ONT_R941_Guppy6.3.7/alpha_optimum_trunc_exp_gaussian_w_16000_n_50.ONT_R941_Guppy6.3.7_DEC_2024.v1.1.0.tsv
HG02015,"['s3://human-pangenomics/working/HPRC/HG02015/raw_data/nanopore/guppy_6/10_12_21_R941_HG02015_3_Guppy_6.5.7_450bps_modbases_5mc_cg_sup_prom_pass.bam', 's3://human-pangenomics/working/HPRC/HG02015/raw_data/nanopore/guppy_6/10_12_21_R941_HG02015_4_Guppy_6.5.7_450bps_modbases_5mc_cg_sup_prom_pass.bam', 's3://human-pangenomics/working/HPRC/HG02015/raw_data/nanopore/guppy_6/10_12_21_R941_HG02015_2_Guppy_6.5.7_450bps_modbases_5mc_cg_sup_prom_pass.bam', 's3://human-pangenomics/working/HPRC/HG02015/raw_data/nanopore/guppy_6/10_12_21_R941_HG02015_1_Guppy_6.5.7_450bps_modbases_5mc_cg_sup_prom_pass.bam']",4,33.86,16,map-ont,15,"['s3://human-pangenomics/working/HPRC/HG02015/raw_data/nanopore/guppy_6/10_12_21_R941_HG02015_1_Guppy_6.5.7_450bps_modbases_5mc_cg_sup_prom_pass.bam', 's3://human-pangenomics/working/HPRC/HG02015/raw_data/nanopore/guppy_6/10_12_21_R941_HG02015_2_Guppy_6.5.7_450bps_modbases_5mc_cg_sup_prom_pass.bam', 's3://human-pangenomics/working/HPRC/HG02015/raw_data/nanopore/guppy_6/10_12_21_R941_HG02015_3_Guppy_6.5.7_450bps_modbases_5mc_cg_sup_prom_pass.bam', 's3://human-pangenomics/working/HPRC/HG02015/raw_data/nanopore/guppy_6/10_12_21_R941_HG02015_4_Guppy_6.5.7_450bps_modbases_5mc_cg_sup_prom_pass.bam']",4,33.86,"[5.26, 6.2, 13.73, 8.67]",16,R941,16000,https://raw.githubusercontent.com/mobinasri/flagger/refs/heads/main/misc/alpha_tsv/ONT_R941_Guppy6.3.7/alpha_optimum_trunc_exp_gaussian_w_16000_n_50.ONT_R941_Guppy6.3.7_DEC_2024.v1.1.0.tsv
HG02027,"['s3://human-pangenomics/working/HPRC/HG02027/raw_data/nanopore/guppy_6/12_08_21_R941_HG02027_2_Guppy_6.4.6_450bps_modbases_5mc_cg_sup_prom_pass.bam', 's3://human-pangenomics/working/HPRC/HG02027/raw_data/nanopore/guppy_6/12_08_21_R941_HG02027_3_Guppy_6.4.6_450bps_modbases_5mc_cg_sup_prom_pass.bam', 's3://human-pangenomics/working/HPRC/HG02027/raw_data/nanopore/guppy_6/12_08_21_R941_HG02027_1_Guppy_6.4.6_450bps_modbases_5mc_cg_sup_prom_pass.bam']",3,60.12,21,map-ont,15,"['s3://human-pangenomics/working/HPRC/HG02027/raw_data/nanopore/guppy_6/12_08_21_R941_HG02027_1_Guppy_6.4.6_450bps_modbases_5mc_cg_sup_prom_pass.bam', 's3://human-pangenomics/working/HPRC/HG02027/raw_data/nanopore/guppy_6/12_08_21_R941_HG02027_2_Guppy_6.4.6_450bps_modbases_5mc_cg_sup_prom_pass.bam', 's3://human-pangenomics/working/HPRC/HG02027/raw_data/nanopore/guppy_6/12_08_21_R941_HG02027_3_Guppy_6.4.6_450bps_modbases_5mc_cg_sup_prom_pass.bam']",3,60.12,"[17.1, 21.7, 21.32]",21,R941,16000,https://raw.githubusercontent.com/mobinasri/flagger/refs/heads/main/misc/alpha_tsv/ONT_R941_Guppy6.3.7/alpha_optimum_trunc_exp_gaussian_w_16000_n_50.ONT_R941_Guppy6.3.7_DEC_2024.v1.1.0.tsv
HG02040,"['s3://human-pangenomics/working/HPRC/HG02040/raw_data/nanopore/guppy_6/06_28_22_R941_HG02040_2_Guppy_6.5.7_450bps_modbases_5mc_cg_sup_prom_pass.bam', 's3://human-pangenomics/working/HPRC/HG02040/raw_data/nanopore/guppy_6/06_28_22_R941_HG02040_1_Guppy_6.5.7_450bps_modbases_5mc_cg_sup_prom_pass.bam', 's3://human-pangenomics/working/HPRC/HG02040/raw_data/nanopore/guppy_6/06_28_22_R941_HG02040_3_Guppy_6.5.7_450bps_modbases_5mc_cg_sup_prom_pass.bam']",3,82.66,21,map-ont,15,"['s3://human-pangenomics/working/HPRC/HG02040/raw_data/nanopore/guppy_6/06_28_22_R941_HG02040_1_Guppy_6.5.7_450bps_modbases_5mc_cg_sup_prom_pass.bam', 's3://human-pangenomics/working/HPRC/HG02040/raw_data/nanopore/guppy_6/06_28_22_R941_HG02040_2_Guppy_6.5.7_450bps_modbases_5mc_cg_sup_prom_pass.bam', 's3://human-pangenomics/working/HPRC/HG02040/raw_data/nanopore/guppy_6/06_28_22_R941_HG02040_3_Guppy_6.5.7_450bps_modbases_5mc_cg_sup_prom_pass.bam']",3,82.66,"[27.24, 31.23, 24.19]",21,R941,16000,https://raw.githubusercontent.com/mobinasri/flagger/refs/heads/main/misc/alpha_tsv/ONT_R941_Guppy6.3.7/alpha_optimum_trunc_exp_gaussian_w_16000_n_50.ONT_R941_Guppy6.3.7_DEC_2024.v1.1.0.tsv
HG02056,"['s3://human-pangenomics/working/HPRC/HG02056/raw_data/nanopore/guppy_6/10_12_21_R941_HG02056_3_Guppy_6.5.7_450bps_modbases_5mc_cg_sup_prom_pass.bam', 's3://human-pangenomics/working/HPRC/HG02056/raw_data/nanopore/guppy_6/10_12_21_R941_HG02056_2_Guppy_6.5.7_450bps_modbases_5mc_cg_sup_prom_pass.bam', 's3://human-pangenomics/working/HPRC/HG02056/raw_data/nanopore/guppy_6/10_12_21_R941_HG02056_1_Guppy_6.5.7_450bps_modbases_5mc_cg_sup_prom_pass.bam']",3,48.7,21,map-ont,15,"['s3://human-pangenomics/working/HPRC/HG02056/raw_data/nanopore/guppy_6/10_12_21_R941_HG02056_1_Guppy_6.5.7_450bps_modbases_5mc_cg_sup_prom_pass.bam', 's3://human-pangenomics/working/HPRC/HG02056/raw_data/nanopore/guppy_6/10_12_21_R941_HG02056_2_Guppy_6.5.7_450bps_modbases_5mc_cg_sup_prom_pass.bam', 's3://human-pangenomics/working/HPRC/HG02056/raw_data/nanopore/guppy_6/10_12_21_R941_HG02056_3_Guppy_6.5.7_450bps_modbases_5mc_cg_sup_prom_pass.bam']",3,48.7,"[14.62, 15.79, 18.29]",21,R941,16000,https://raw.githubusercontent.com/mobinasri/flagger/refs/heads/main/misc/alpha_tsv/ONT_R941_Guppy6.3.7/alpha_optimum_trunc_exp_gaussian_w_16000_n_50.ONT_R941_Guppy6.3.7_DEC_2024.v1.1.0.tsv
HG02071,"['s3://human-pangenomics/working/HPRC/HG02071/raw_data/nanopore/guppy_6/07_13_21_R941_HG02071_2_Guppy_6.4.6_450bps_modbases_5mc_cg_sup_prom_pass.bam', 's3://human-pangenomics/working/HPRC/HG02071/raw_data/nanopore/guppy_6/07_13_21_R941_HG02071_1_Guppy_6.4.6_450bps_modbases_5mc_cg_sup_prom_pass.bam']",2,60.56,32,map-ont,15,"['s3://human-pangenomics/working/HPRC/HG02071/raw_data/nanopore/guppy_6/07_13_21_R941_HG02071_1_Guppy_6.4.6_450bps_modbases_5mc_cg_sup_prom_pass.bam', 's3://human-pangenomics/working/HPRC/HG02071/raw_data/nanopore/guppy_6/07_13_21_R941_HG02071_2_Guppy_6.4.6_450bps_modbases_5mc_cg_sup_prom_pass.bam', 's3://human-pangenomics/working/HPRC/HG02071/raw_data/nanopore/guppy_6/07_13_21_R941_HG02071_3_Guppy_6.4.6_450bps_modbases_5mc_cg_sup_prom_pass.bam']",3,78.8,"[28.63, 31.93, 18.24]",21,R941,16000,https://raw.githubusercontent.com/mobinasri/flagger/refs/heads/main/misc/alpha_tsv/ONT_R941_Guppy6.3.7/alpha_optimum_trunc_exp_gaussian_w_16000_n_50.ONT_R941_Guppy6.3.7_DEC_2024.v1.1.0.tsv
HG02074,"['s3://human-pangenomics/working/HPRC/HG02074/raw_data/nanopore/guppy_6/07_13_21_R941_HG02074_2_Guppy_6.4.6_450bps_modbases_5mc_cg_sup_prom_pass.bam', 's3://human-pangenomics/working/HPRC/HG02074/raw_data/nanopore/guppy_6/07_13_21_R941_HG02074_1_Guppy_6.4.6_450bps_modbases_5mc_cg_sup_prom_pass.bam', 's3://human-pangenomics/working/HPRC/HG02074/raw_data/nanopore/guppy_6/07_13_21_R941_HG02074_3_Guppy_6.4.6_450bps_modbases_5mc_cg_sup_prom_pass.bam']",3,78.85,21,map-ont,15,"['s3://human-pangenomics/working/HPRC/HG02074/raw_data/nanopore/guppy_6/07_13_21_R941_HG02074_1_Guppy_6.4.6_450bps_modbases_5mc_cg_sup_prom_pass.bam', 's3://human-pangenomics/working/HPRC/HG02074/raw_data/nanopore/guppy_6/07_13_21_R941_HG02074_2_Guppy_6.4.6_450bps_modbases_5mc_cg_sup_prom_pass.bam', 's3://human-pangenomics/working/HPRC/HG02074/raw_data/nanopore/guppy_6/07_13_21_R941_HG02074_3_Guppy_6.4.6_450bps_modbases_5mc_cg_sup_prom_pass.bam']",3,78.85,"[26.78, 28.24, 23.83]",21,R941,16000,https://raw.githubusercontent.com/mobinasri/flagger/refs/heads/main/misc/alpha_tsv/ONT_R941_Guppy6.3.7/alpha_optimum_trunc_exp_gaussian_w_16000_n_50.ONT_R941_Guppy6.3.7_DEC_2024.v1.1.0.tsv
HG02083,"['s3://human-pangenomics/working/HPRC/HG02083/raw_data/nanopore/guppy_6/12_08_21_R941_HG02083_3_Guppy_6.4.6_450bps_modbases_5mc_cg_sup_prom_pass.bam', 's3://human-pangenomics/working/HPRC/HG02083/raw_data/nanopore/guppy_6/12_08_21_R941_HG02083_1_Guppy_6.4.6_450bps_modbases_5mc_cg_sup_prom_pass.bam', 's3://human-pangenomics/working/HPRC/HG02083/raw_data/nanopore/guppy_6/12_08_21_R941_HG02083_2_Guppy_6.4.6_450bps_modbases_5mc_cg_sup_prom_pass.bam']",3,76.73,21,map-ont,15,"['s3://human-pangenomics/working/HPRC/HG02083/raw_data/nanopore/guppy_6/12_08_21_R941_HG02083_1_Guppy_6.4.6_450bps_modbases_5mc_cg_sup_prom_pass.bam', 's3://human-pangenomics/working/HPRC/HG02083/raw_data/nanopore/guppy_6/12_08_21_R941_HG02083_2_Guppy_6.4.6_450bps_modbases_5mc_cg_sup_prom_pass.bam', 's3://human-pangenomics/working/HPRC/HG02083/raw_data/nanopore/guppy_6/12_08_21_R941_HG02083_3_Guppy_6.4.6_450bps_modbases_5mc_cg_sup_prom_pass.bam']",3,76.73,"[25.01, 24.95, 26.77]",21,R941,16000,https://raw.githubusercontent.com/mobinasri/flagger/refs/heads/main/misc/alpha_tsv/ONT_R941_Guppy6.3.7/alpha_optimum_trunc_exp_gaussian_w_16000_n_50.ONT_R941_Guppy6.3.7_DEC_2024.v1.1.0.tsv
HG02129,"['s3://human-pangenomics/working/HPRC/HG02129/raw_data/nanopore/guppy_6/10_12_21_R941_HG02129_1_Guppy_6.5.7_450bps_modbases_5mc_cg_sup_prom_pass.bam', 's3://human-pangenomics/working/HPRC/HG02129/raw_data/nanopore/guppy_6/10_12_21_R941_HG02129_3_Guppy_6.5.7_450bps_modbases_5mc_cg_sup_prom_pass.bam', 's3://human-pangenomics/working/HPRC/HG02129/raw_data/nanopore/guppy_6/10_12_21_R941_HG02129_2_Guppy_6.5.7_450bps_modbases_5mc_cg_sup_prom_pass.bam']",3,41.88,21,map-ont,15,"['s3://human-pangenomics/working/HPRC/HG02129/raw_data/nanopore/guppy_6/10_12_21_R941_HG02129_1_Guppy_6.5.7_450bps_modbases_5mc_cg_sup_prom_pass.bam', 's3://human-pangenomics/working/HPRC/HG02129/raw_data/nanopore/guppy_6/10_12_21_R941_HG02129_2_Guppy_6.5.7_450bps_modbases_5mc_cg_sup_prom_pass.bam', 's3://human-pangenomics/working/HPRC/HG02129/raw_data/nanopore/guppy_6/10_12_21_R941_HG02129_3_Guppy_6.5.7_450bps_modbases_5mc_cg_sup_prom_pass.bam']",3,41.88,"[14.72, 13.37, 13.79]",21,R941,16000,https://raw.githubusercontent.com/mobinasri/flagger/refs/heads/main/misc/alpha_tsv/ONT_R941_Guppy6.3.7/alpha_optimum_trunc_exp_gaussian_w_16000_n_50.ONT_R941_Guppy6.3.7_DEC_2024.v1.1.0.tsv
HG02132,"['s3://human-pangenomics/working/HPRC/HG02132/raw_data/nanopore/guppy_6/07_13_21_R941_HG02132_1_Guppy_6.4.6_450bps_modbases_5mc_cg_sup_prom_pass.bam', 's3://human-pangenomics/working/HPRC/HG02132/raw_data/nanopore/guppy_6/07_13_21_R941_HG02132_3_Guppy_6.4.6_450bps_modbases_5mc_cg_sup_prom_pass.bam', 's3://human-pangenomics/working/HPRC/HG02132/raw_data/nanopore/guppy_6/07_13_21_R941_HG02132_2_Guppy_6.4.6_450bps_modbases_5mc_cg_sup_prom_pass.bam']",3,69.09,21,map-ont,15,"['s3://human-pangenomics/working/HPRC/HG02132/raw_data/nanopore/guppy_6/07_13_21_R941_HG02132_1_Guppy_6.4.6_450bps_modbases_5mc_cg_sup_prom_pass.bam', 's3://human-pangenomics/working/HPRC/HG02132/raw_data/nanopore/guppy_6/07_13_21_R941_HG02132_2_Guppy_6.4.6_450bps_modbases_5mc_cg_sup_prom_pass.bam', 's3://human-pangenomics/working/HPRC/HG02132/raw_data/nanopore/guppy_6/07_13_21_R941_HG02132_3_Guppy_6.4.6_450bps_modbases_5mc_cg_sup_prom_pass.bam']",3,69.09,"[30.27, 13.77, 25.05]",21,R941,16000,https://raw.githubusercontent.com/mobinasri/flagger/refs/heads/main/misc/alpha_tsv/ONT_R941_Guppy6.3.7/alpha_optimum_trunc_exp_gaussian_w_16000_n_50.ONT_R941_Guppy6.3.7_DEC_2024.v1.1.0.tsv
HG02135,"['s3://human-pangenomics/working/HPRC/HG02135/raw_data/nanopore/guppy_6/06_22_21_R941_HG02135_1_Guppy_6.4.6_450bps_modbases_5mc_cg_sup_prom_pass.bam', 's3://human-pangenomics/working/HPRC/HG02135/raw_data/nanopore/guppy_6/07_13_21_R941_HG02135_3_Guppy_6.4.6_450bps_modbases_5mc_cg_sup_prom_pass.bam']",2,61.58,32,map-ont,15,"['s3://human-pangenomics/working/HPRC/HG02135/raw_data/nanopore/guppy_6/06_22_21_R941_HG02135_1_Guppy_6.4.6_450bps_modbases_5mc_cg_sup_prom_pass.bam', 's3://human-pangenomics/working/HPRC/HG02135/raw_data/nanopore/guppy_6/07_13_21_R941_HG02135_2_Guppy_6.4.6_450bps_modbases_5mc_cg_sup_prom_pass.bam', 's3://human-pangenomics/working/HPRC/HG02135/raw_data/nanopore/guppy_6/07_13_21_R941_HG02135_3_Guppy_6.4.6_450bps_modbases_5mc_cg_sup_prom_pass.bam']",3,76.11,"[33.46, 14.53, 28.12]",21,R941,16000,https://raw.githubusercontent.com/mobinasri/flagger/refs/heads/main/misc/alpha_tsv/ONT_R941_Guppy6.3.7/alpha_optimum_trunc_exp_gaussian_w_16000_n_50.ONT_R941_Guppy6.3.7_DEC_2024.v1.1.0.tsv
HG02148,"['s3://human-pangenomics/working/HPRC/HG02148/raw_data/nanopore/guppy_6/03_14_23_R941_HG02148_2_Guppy_6.5.7_450bps_modbases_5mc_cg_sup_prom_pass.bam', 's3://human-pangenomics/working/HPRC/HG02148/raw_data/nanopore/guppy_6/03_14_23_R941_HG02148_1_Guppy_6.5.7_450bps_modbases_5mc_cg_sup_prom_pass.bam', 's3://human-pangenomics/working/HPRC/HG02148/raw_data/nanopore/guppy_6/HG02148_1_Guppy_6.5.7_450bps_modbases_5mc_cg_sup_prom_pass.bam', 's3://human-pangenomics/working/HPRC/HG02148/raw_data/nanopore/guppy_6/HG02148_3_Guppy_6.5.7_450bps_modbases_5mc_cg_sup_prom_pass.bam', 's3://human-pangenomics/working/HPRC/HG02148/raw_data/nanopore/guppy_6/HG02148_5_Guppy_6.5.7_450bps_modbases_5mc_cg_sup_prom_pass.bam']",5,62.63,12,map-ont,15,"['s3://human-pangenomics/working/HPRC/HG02148/raw_data/nanopore/guppy_6/03_14_23_R941_HG02148_1_Guppy_6.5.7_450bps_modbases_5mc_cg_sup_prom_pass.bam', 's3://human-pangenomics/working/HPRC/HG02148/raw_data/nanopore/guppy_6/03_14_23_R941_HG02148_2_Guppy_6.5.7_450bps_modbases_5mc_cg_sup_prom_pass.bam', 's3://human-pangenomics/working/HPRC/HG02148/raw_data/nanopore/guppy_6/HG02148_1_Guppy_6.5.7_450bps_modbases_5mc_cg_sup_prom_pass.bam', 's3://human-pangenomics/working/HPRC/HG02148/raw_data/nanopore/guppy_6/HG02148_3_Guppy_6.5.7_450bps_modbases_5mc_cg_sup_prom_pass.bam', 's3://human-pangenomics/working/HPRC/HG02148/raw_data/nanopore/guppy_6/HG02148_5_Guppy_6.5.7_450bps_modbases_5mc_cg_sup_prom_pass.bam']",5,62.63,"[21.02, 26.33, 6.02, 4.93, 4.33]",12,R941,16000,https://raw.githubusercontent.com/mobinasri/flagger/refs/heads/main/misc/alpha_tsv/ONT_R941_Guppy6.3.7/alpha_optimum_trunc_exp_gaussian_w_16000_n_50.ONT_R941_Guppy6.3.7_DEC_2024.v1.1.0.tsv
HG02155,"['s3://human-pangenomics/working/HPRC/HG02155/raw_data/nanopore/guppy_6/06_28_22_R941_HG02155_3_Guppy_6.5.7_450bps_modbases_5mc_cg_sup_prom_pass.bam', 's3://human-pangenomics/working/HPRC/HG02155/raw_data/nanopore/guppy_6/06_28_22_R941_HG02155_2_Guppy_6.5.7_450bps_modbases_5mc_cg_sup_prom_pass.bam', 's3://human-pangenomics/working/HPRC/HG02155/raw_data/nanopore/guppy_6/06_28_22_R941_HG02155_1_Guppy_6.5.7_450bps_modbases_5mc_cg_sup_prom_pass.bam']",3,75.67,21,map-ont,15,"['s3://human-pangenomics/working/HPRC/HG02155/raw_data/nanopore/guppy_6/06_28_22_R941_HG02155_1_Guppy_6.5.7_450bps_modbases_5mc_cg_sup_prom_pass.bam', 's3://human-pangenomics/working/HPRC/HG02155/raw_data/nanopore/guppy_6/06_28_22_R941_HG02155_2_Guppy_6.5.7_450bps_modbases_5mc_cg_sup_prom_pass.bam', 's3://human-pangenomics/working/HPRC/HG02155/raw_data/nanopore/guppy_6/06_28_22_R941_HG02155_3_Guppy_6.5.7_450bps_modbases_5mc_cg_sup_prom_pass.bam']",3,75.67,"[23.54, 26.02, 26.11]",21,R941,16000,https://raw.githubusercontent.com/mobinasri/flagger/refs/heads/main/misc/alpha_tsv/ONT_R941_Guppy6.3.7/alpha_optimum_trunc_exp_gaussian_w_16000_n_50.ONT_R941_Guppy6.3.7_DEC_2024.v1.1.0.tsv
HG02165,"['s3://human-pangenomics/working/HPRC/HG02165/raw_data/nanopore/guppy_6/06_28_22_R941_HG02165_3_Guppy_6.5.7_450bps_modbases_5mc_cg_sup_prom_pass.bam', 's3://human-pangenomics/working/HPRC/HG02165/raw_data/nanopore/guppy_6/06_28_22_R941_HG02165_1_Guppy_6.5.7_450bps_modbases_5mc_cg_sup_prom_pass.bam', 's3://human-pangenomics/working/HPRC/HG02165/raw_data/nanopore/guppy_6/06_28_22_R941_HG02165_2_Guppy_6.5.7_450bps_modbases_5mc_cg_sup_prom_pass.bam']",3,66.84,21,map-ont,15,"['s3://human-pangenomics/working/HPRC/HG02165/raw_data/nanopore/guppy_6/06_28_22_R941_HG02165_1_Guppy_6.5.7_450bps_modbases_5mc_cg_sup_prom_pass.bam', 's3://human-pangenomics/working/HPRC/HG02165/raw_data/nanopore/guppy_6/06_28_22_R941_HG02165_2_Guppy_6.5.7_450bps_modbases_5mc_cg_sup_prom_pass.bam', 's3://human-pangenomics/working/HPRC/HG02165/raw_data/nanopore/guppy_6/06_28_22_R941_HG02165_3_Guppy_6.5.7_450bps_modbases_5mc_cg_sup_prom_pass.bam']",3,66.84,"[22.62, 21.43, 22.79]",21,R941,16000,https://raw.githubusercontent.com/mobinasri/flagger/refs/heads/main/misc/alpha_tsv/ONT_R941_Guppy6.3.7/alpha_optimum_trunc_exp_gaussian_w_16000_n_50.ONT_R941_Guppy6.3.7_DEC_2024.v1.1.0.tsv
HG02178,"['s3://human-pangenomics/working/HPRC/HG02178/raw_data/nanopore/dorado0.6.0_sup4.3.0_5mCG_5hmCG/12_12_23_R1041_HPRC_HG02178_3_dorado0.6.0_sup4.3.0_5mCG_5hmCG.bam', 's3://human-pangenomics/working/HPRC/HG02178/raw_data/nanopore/dorado0.6.0_sup4.3.0_5mCG_5hmCG/12_12_23_R1041_HPRC_HG02178_1_dorado0.6.0_sup4.3.0_5mCG_5hmCG.bam', 's3://human-pangenomics/working/HPRC/HG02178/raw_data/nanopore/dorado0.6.0_sup4.3.0_5mCG_5hmCG/12_12_23_R1041_HPRC_HG02178_2_dorado0.6.0_sup4.3.0_5mCG_5hmCG.bam']",3,59.44,21,lr:hqae,25,"['s3://human-pangenomics/working/HPRC/HG02178/raw_data/nanopore/dorado0.6.0_sup4.3.0_5mCG_5hmCG/12_12_23_R1041_HPRC_HG02178_2_dorado0.6.0_sup4.3.0_5mCG_5hmCG.bam', 's3://human-pangenomics/working/HPRC/HG02178/raw_data/nanopore/dorado0.6.0_sup4.3.0_5mCG_5hmCG/12_12_23_R1041_HPRC_HG02178_3_dorado0.6.0_sup4.3.0_5mCG_5hmCG.bam', 's3://human-pangenomics/working/HPRC/HG02178/raw_data/nanopore/dorado0.6.0_sup4.3.0_5mCG_5hmCG/12_12_23_R1041_HPRC_HG02178_1_dorado0.6.0_sup4.3.0_5mCG_5hmCG.bam']",3,59.44,"[18.16, 21.02, 20.26]",21,R1041,8000,https://raw.githubusercontent.com/mobinasri/flagger/refs/heads/main/misc/alpha_tsv/ONT_R1041_Dorado/alpha_optimum_trunc_exp_gaussian_w_8000_n_50.ONT_R1041_Dorado_DEC_2024.v1.1.0.tsv
HG02257,"['s3://human-pangenomics/working/HPRC/HG02257/raw_data/nanopore/guppy_6/12_7_22_R941_HG02257_2_Guppy_6.5.7_450bps_modbases_5mc_cg_sup_prom_pass.bam', 's3://human-pangenomics/working/HPRC/HG02257/raw_data/nanopore/guppy_6/12_7_22_R941_HG02257_1_Guppy_6.5.7_450bps_modbases_5mc_cg_sup_prom_pass.bam', 's3://human-pangenomics/working/HPRC/HG02257/raw_data/nanopore/guppy_6/HG02257_3_Guppy_6.5.7_450bps_modbases_5mc_cg_sup_prom_pass.bam', 's3://human-pangenomics/working/HPRC/HG02257/raw_data/nanopore/guppy_6/HG02257_1_Guppy_6.5.7_450bps_modbases_5mc_cg_sup_prom_pass.bam', 's3://human-pangenomics/working/HPRC/HG02257/raw_data/nanopore/guppy_6/HG02257_5_Guppy_6.5.7_450bps_modbases_5mc_cg_sup_prom_pass.bam']",5,44.79,12,map-ont,15,"['s3://human-pangenomics/working/HPRC/HG02257/raw_data/nanopore/guppy_6/12_7_22_R941_HG02257_1_Guppy_6.5.7_450bps_modbases_5mc_cg_sup_prom_pass.bam', 's3://human-pangenomics/working/HPRC/HG02257/raw_data/nanopore/guppy_6/12_7_22_R941_HG02257_2_Guppy_6.5.7_450bps_modbases_5mc_cg_sup_prom_pass.bam', 's3://human-pangenomics/working/HPRC/HG02257/raw_data/nanopore/guppy_6/HG02257_1_Guppy_6.5.7_450bps_modbases_5mc_cg_sup_prom_pass.bam', 's3://human-pangenomics/working/HPRC/HG02257/raw_data/nanopore/guppy_6/HG02257_3_Guppy_6.5.7_450bps_modbases_5mc_cg_sup_prom_pass.bam', 's3://human-pangenomics/working/HPRC/HG02257/raw_data/nanopore/guppy_6/HG02257_5_Guppy_6.5.7_450bps_modbases_5mc_cg_sup_prom_pass.bam']",5,44.79,"[14.12, 15.57, 5.5, 6.1, 3.5]",12,R941,16000,https://raw.githubusercontent.com/mobinasri/flagger/refs/heads/main/misc/alpha_tsv/ONT_R941_Guppy6.3.7/alpha_optimum_trunc_exp_gaussian_w_16000_n_50.ONT_R941_Guppy6.3.7_DEC_2024.v1.1.0.tsv
HG02258,"['s3://human-pangenomics/working/HPRC/HG02258/raw_data/nanopore/guppy_6/02_08_22_R941_HG02258_1_Guppy_6.5.7_450bps_modbases_5mc_cg_sup_prom_pass.bam', 's3://human-pangenomics/working/HPRC/HG02258/raw_data/nanopore/guppy_6/02_08_22_R941_HG02258_2_Guppy_6.5.7_450bps_modbases_5mc_cg_sup_prom_pass.bam', 's3://human-pangenomics/working/HPRC/HG02258/raw_data/nanopore/guppy_6/02_08_22_R941_HG02258_3_Guppy_6.5.7_450bps_modbases_5mc_cg_sup_prom_pass.bam', 's3://human-pangenomics/working/HPRC/HG02258/raw_data/nanopore/guppy_6/02_08_22_R941_HG02258_4_Guppy_6.5.7_450bps_modbases_5mc_cg_sup_prom_pass.bam']",4,49.73,16,map-ont,15,"['s3://human-pangenomics/working/HPRC/HG02258/raw_data/nanopore/guppy_6/02_08_22_R941_HG02258_1_Guppy_6.5.7_450bps_modbases_5mc_cg_sup_prom_pass.bam', 's3://human-pangenomics/working/HPRC/HG02258/raw_data/nanopore/guppy_6/02_08_22_R941_HG02258_2_Guppy_6.5.7_450bps_modbases_5mc_cg_sup_prom_pass.bam', 's3://human-pangenomics/working/HPRC/HG02258/raw_data/nanopore/guppy_6/02_08_22_R941_HG02258_3_Guppy_6.5.7_450bps_modbases_5mc_cg_sup_prom_pass.bam', 's3://human-pangenomics/working/HPRC/HG02258/raw_data/nanopore/guppy_6/02_08_22_R941_HG02258_4_Guppy_6.5.7_450bps_modbases_5mc_cg_sup_prom_pass.bam']",4,49.73,"[21.45, 14.49, 7.85, 5.94]",16,R941,16000,https://raw.githubusercontent.com/mobinasri/flagger/refs/heads/main/misc/alpha_tsv/ONT_R941_Guppy6.3.7/alpha_optimum_trunc_exp_gaussian_w_16000_n_50.ONT_R941_Guppy6.3.7_DEC_2024.v1.1.0.tsv
HG02273,"['s3://human-pangenomics/working/HPRC/HG02273/raw_data/nanopore/guppy_6/04_12_22_R941_HG02273_2_Guppy_6.5.7_450bps_modbases_5mc_cg_sup_prom_pass.bam', 's3://human-pangenomics/working/HPRC/HG02273/raw_data/nanopore/guppy_6/04_12_22_R941_HG02273_3_Guppy_6.5.7_450bps_modbases_5mc_cg_sup_prom_pass.bam', 's3://human-pangenomics/working/HPRC/HG02273/raw_data/nanopore/guppy_6/04_12_22_R941_HG02273_1_Guppy_6.5.7_450bps_modbases_5mc_cg_sup_prom_pass.bam']",3,68.0,21,map-ont,15,"['s3://human-pangenomics/working/HPRC/HG02273/raw_data/nanopore/guppy_6/04_12_22_R941_HG02273_1_Guppy_6.5.7_450bps_modbases_5mc_cg_sup_prom_pass.bam', 's3://human-pangenomics/working/HPRC/HG02273/raw_data/nanopore/guppy_6/04_12_22_R941_HG02273_2_Guppy_6.5.7_450bps_modbases_5mc_cg_sup_prom_pass.bam', 's3://human-pangenomics/working/HPRC/HG02273/raw_data/nanopore/guppy_6/04_12_22_R941_HG02273_3_Guppy_6.5.7_450bps_modbases_5mc_cg_sup_prom_pass.bam']",3,68.0,"[20.93, 25.46, 21.61]",21,R941,16000,https://raw.githubusercontent.com/mobinasri/flagger/refs/heads/main/misc/alpha_tsv/ONT_R941_Guppy6.3.7/alpha_optimum_trunc_exp_gaussian_w_16000_n_50.ONT_R941_Guppy6.3.7_DEC_2024.v1.1.0.tsv
HG02280,"['s3://human-pangenomics/working/HPRC/HG02280/raw_data/nanopore/guppy_6/08_17_21_R941_HG02280_2_Guppy_6.4.6_450bps_modbases_5mc_cg_sup_prom_pass.bam', 's3://human-pangenomics/working/HPRC/HG02280/raw_data/nanopore/guppy_6/08_17_21_R941_HG02280_1_Guppy_6.4.6_450bps_modbases_5mc_cg_sup_prom_pass.bam', 's3://human-pangenomics/working/HPRC/HG02280/raw_data/nanopore/guppy_6/08_17_21_R941_HG02280_3_Guppy_6.4.6_450bps_modbases_5mc_cg_sup_prom_pass.bam']",3,66.76,21,map-ont,15,"['s3://human-pangenomics/working/HPRC/HG02280/raw_data/nanopore/guppy_6/08_17_21_R941_HG02280_1_Guppy_6.4.6_450bps_modbases_5mc_cg_sup_prom_pass.bam', 's3://human-pangenomics/working/HPRC/HG02280/raw_data/nanopore/guppy_6/08_17_21_R941_HG02280_2_Guppy_6.4.6_450bps_modbases_5mc_cg_sup_prom_pass.bam', 's3://human-pangenomics/working/HPRC/HG02280/raw_data/nanopore/guppy_6/08_17_21_R941_HG02280_3_Guppy_6.4.6_450bps_modbases_5mc_cg_sup_prom_pass.bam']",3,66.76,"[20.02, 34.64, 12.1]",21,R941,16000,https://raw.githubusercontent.com/mobinasri/flagger/refs/heads/main/misc/alpha_tsv/ONT_R941_Guppy6.3.7/alpha_optimum_trunc_exp_gaussian_w_16000_n_50.ONT_R941_Guppy6.3.7_DEC_2024.v1.1.0.tsv
HG02293,"['s3://human-pangenomics/working/HPRC/HG02293/raw_data/nanopore/guppy_6/08_17_21_R941_HG02293_3_Guppy_6.4.6_450bps_modbases_5mc_cg_sup_prom_pass.bam', 's3://human-pangenomics/working/HPRC/HG02293/raw_data/nanopore/guppy_6/08_17_21_R941_HG02293_2_Guppy_6.4.6_450bps_modbases_5mc_cg_sup_prom_pass.bam']",2,63.22,32,map-ont,15,"['s3://human-pangenomics/working/HPRC/HG02293/raw_data/nanopore/guppy_6/08_17_21_R941_HG02293_1_Guppy_6.4.6_450bps_modbases_5mc_cg_sup_prom_pass.bam', 's3://human-pangenomics/working/HPRC/HG02293/raw_data/nanopore/guppy_6/08_17_21_R941_HG02293_2_Guppy_6.4.6_450bps_modbases_5mc_cg_sup_prom_pass.bam', 's3://human-pangenomics/working/HPRC/HG02293/raw_data/nanopore/guppy_6/08_17_21_R941_HG02293_3_Guppy_6.4.6_450bps_modbases_5mc_cg_sup_prom_pass.bam']",3,91.73,"[28.51, 30.04, 33.18]",21,R941,16000,https://raw.githubusercontent.com/mobinasri/flagger/refs/heads/main/misc/alpha_tsv/ONT_R941_Guppy6.3.7/alpha_optimum_trunc_exp_gaussian_w_16000_n_50.ONT_R941_Guppy6.3.7_DEC_2024.v1.1.0.tsv
HG02300,"['s3://human-pangenomics/working/HPRC/HG02300/raw_data/nanopore/guppy_6/08_17_21_R941_HG02300_2_Guppy_6.4.6_450bps_modbases_5mc_cg_sup_prom_pass.bam', 's3://human-pangenomics/working/HPRC/HG02300/raw_data/nanopore/guppy_6/08_17_21_R941_HG02300_3_Guppy_6.4.6_450bps_modbases_5mc_cg_sup_prom_pass.bam', 's3://human-pangenomics/working/HPRC/HG02300/raw_data/nanopore/guppy_6/08_17_21_R941_HG02300_1_Guppy_6.4.6_450bps_modbases_5mc_cg_sup_prom_pass.bam']",3,62.85,21,map-ont,15,"['s3://human-pangenomics/working/HPRC/HG02300/raw_data/nanopore/guppy_6/08_17_21_R941_HG02300_1_Guppy_6.4.6_450bps_modbases_5mc_cg_sup_prom_pass.bam', 's3://human-pangenomics/working/HPRC/HG02300/raw_data/nanopore/guppy_6/08_17_21_R941_HG02300_2_Guppy_6.4.6_450bps_modbases_5mc_cg_sup_prom_pass.bam', 's3://human-pangenomics/working/HPRC/HG02300/raw_data/nanopore/guppy_6/08_17_21_R941_HG02300_3_Guppy_6.4.6_450bps_modbases_5mc_cg_sup_prom_pass.bam']",3,62.85,"[17.64, 25.98, 19.23]",21,R941,16000,https://raw.githubusercontent.com/mobinasri/flagger/refs/heads/main/misc/alpha_tsv/ONT_R941_Guppy6.3.7/alpha_optimum_trunc_exp_gaussian_w_16000_n_50.ONT_R941_Guppy6.3.7_DEC_2024.v1.1.0.tsv
HG02391,"['s3://human-pangenomics/working/HPRC/HG02391/raw_data/nanopore/guppy_6/08_10_22_R941_HG02391_2_Guppy_6.5.7_450bps_modbases_5mc_cg_sup_prom_pass.bam', 's3://human-pangenomics/working/HPRC/HG02391/raw_data/nanopore/guppy_6/08_10_22_R941_HG02391_3_Guppy_6.5.7_450bps_modbases_5mc_cg_sup_prom_pass.bam', 's3://human-pangenomics/working/HPRC/HG02391/raw_data/nanopore/guppy_6/08_10_22_R941_HG02391_4_Guppy_6.5.7_450bps_modbases_5mc_cg_sup_prom_pass.bam', 's3://human-pangenomics/working/HPRC/HG02391/raw_data/nanopore/guppy_6/08_10_22_R941_HG02391_1_Guppy_6.5.7_450bps_modbases_5mc_cg_sup_prom_pass.bam']",4,51.83,16,map-ont,15,"['s3://human-pangenomics/working/HPRC/HG02391/raw_data/nanopore/guppy_6/08_10_22_R941_HG02391_1_Guppy_6.5.7_450bps_modbases_5mc_cg_sup_prom_pass.bam', 's3://human-pangenomics/working/HPRC/HG02391/raw_data/nanopore/guppy_6/08_10_22_R941_HG02391_2_Guppy_6.5.7_450bps_modbases_5mc_cg_sup_prom_pass.bam', 's3://human-pangenomics/working/HPRC/HG02391/raw_data/nanopore/guppy_6/08_10_22_R941_HG02391_3_Guppy_6.5.7_450bps_modbases_5mc_cg_sup_prom_pass.bam', 's3://human-pangenomics/working/HPRC/HG02391/raw_data/nanopore/guppy_6/08_10_22_R941_HG02391_4_Guppy_6.5.7_450bps_modbases_5mc_cg_sup_prom_pass.bam']",4,51.83,"[1.31, 19.09, 18.2, 13.23]",16,R941,16000,https://raw.githubusercontent.com/mobinasri/flagger/refs/heads/main/misc/alpha_tsv/ONT_R941_Guppy6.3.7/alpha_optimum_trunc_exp_gaussian_w_16000_n_50.ONT_R941_Guppy6.3.7_DEC_2024.v1.1.0.tsv
HG02392,"['s3://human-pangenomics/working/HPRC/HG02392/raw_data/nanopore/dorado0.6.0_sup4.3.0_5mCG_5hmCG/10_31_23_R1041_HPRC_HG02392_1_dorado0.6.0_sup4.3.0_5mCG_5hmCG.bam', 's3://human-pangenomics/working/HPRC/HG02392/raw_data/nanopore/dorado0.6.0_sup4.3.0_5mCG_5hmCG/10_31_23_R1041_HPRC_HG02392_2_dorado0.6.0_sup4.3.0_5mCG_5hmCG.bam', 's3://human-pangenomics/working/HPRC/HG02392/raw_data/nanopore/dorado0.6.0_sup4.3.0_5mCG_5hmCG/10_31_23_R1041_HPRC_HG02392_3_dorado0.6.0_sup4.3.0_5mCG_5hmCG.bam']",3,76.8,21,lr:hqae,25,"['s3://human-pangenomics/working/HPRC/HG02392/raw_data/nanopore/dorado0.6.0_sup4.3.0_5mCG_5hmCG/10_31_23_R1041_HPRC_HG02392_2_dorado0.6.0_sup4.3.0_5mCG_5hmCG.bam', 's3://human-pangenomics/working/HPRC/HG02392/raw_data/nanopore/dorado0.6.0_sup4.3.0_5mCG_5hmCG/10_31_23_R1041_HPRC_HG02392_3_dorado0.6.0_sup4.3.0_5mCG_5hmCG.bam', 's3://human-pangenomics/working/HPRC/HG02392/raw_data/nanopore/dorado0.6.0_sup4.3.0_5mCG_5hmCG/10_31_23_R1041_HPRC_HG02392_1_dorado0.6.0_sup4.3.0_5mCG_5hmCG.bam']",3,76.8,"[24.26, 22.84, 29.7]",21,R1041,8000,https://raw.githubusercontent.com/mobinasri/flagger/refs/heads/main/misc/alpha_tsv/ONT_R1041_Dorado/alpha_optimum_trunc_exp_gaussian_w_8000_n_50.ONT_R1041_Dorado_DEC_2024.v1.1.0.tsv
HG02451,"['s3://human-pangenomics/working/HPRC/HG02451/raw_data/nanopore/guppy_6/08_17_21_R941_HG02451_3_Guppy_6.4.6_450bps_modbases_5mc_cg_sup_prom_pass.bam', 's3://human-pangenomics/working/HPRC/HG02451/raw_data/nanopore/guppy_6/08_17_21_R941_HG02451_2_Guppy_6.4.6_450bps_modbases_5mc_cg_sup_prom_pass.bam', 's3://human-pangenomics/working/HPRC/HG02451/raw_data/nanopore/guppy_6/08_17_21_R941_HG02451_1_Guppy_6.4.6_450bps_modbases_5mc_cg_sup_prom_pass.bam']",3,49.93,21,map-ont,15,"['s3://human-pangenomics/working/HPRC/HG02451/raw_data/nanopore/guppy_6/08_17_21_R941_HG02451_1_Guppy_6.4.6_450bps_modbases_5mc_cg_sup_prom_pass.bam', 's3://human-pangenomics/working/HPRC/HG02451/raw_data/nanopore/guppy_6/08_17_21_R941_HG02451_2_Guppy_6.4.6_450bps_modbases_5mc_cg_sup_prom_pass.bam', 's3://human-pangenomics/working/HPRC/HG02451/raw_data/nanopore/guppy_6/08_17_21_R941_HG02451_3_Guppy_6.4.6_450bps_modbases_5mc_cg_sup_prom_pass.bam']",3,49.93,"[12.08, 18.9, 18.95]",21,R941,16000,https://raw.githubusercontent.com/mobinasri/flagger/refs/heads/main/misc/alpha_tsv/ONT_R941_Guppy6.3.7/alpha_optimum_trunc_exp_gaussian_w_16000_n_50.ONT_R941_Guppy6.3.7_DEC_2024.v1.1.0.tsv
HG02486,"['s3://human-pangenomics/working/HPRC/HG02486/raw_data/nanopore/guppy_6/12_7_22_R941_HG02486_1_Guppy_6.5.7_450bps_modbases_5mc_cg_sup_prom_pass.bam', 's3://human-pangenomics/working/HPRC/HG02486/raw_data/nanopore/guppy_6/12_7_22_R941_HG02486_2_Guppy_6.5.7_450bps_modbases_5mc_cg_sup_prom_pass.bam', 's3://human-pangenomics/working/HPRC/HG02486/raw_data/nanopore/guppy_6/HG02486_1_Guppy_6.5.7_450bps_modbases_5mc_cg_sup_prom_pass.bam', 's3://human-pangenomics/working/HPRC/HG02486/raw_data/nanopore/guppy_6/HG02486_3_Guppy_6.5.7_450bps_modbases_5mc_cg_sup_prom_pass.bam', 's3://human-pangenomics/working/HPRC/HG02486/raw_data/nanopore/guppy_6/HG02486_2_Guppy_6.5.7_450bps_modbases_5mc_cg_sup_prom_pass.bam']",5,59.08,12,map-ont,15,"['s3://human-pangenomics/working/HPRC/HG02486/raw_data/nanopore/guppy_6/12_7_22_R941_HG02486_1_Guppy_6.5.7_450bps_modbases_5mc_cg_sup_prom_pass.bam', 's3://human-pangenomics/working/HPRC/HG02486/raw_data/nanopore/guppy_6/12_7_22_R941_HG02486_2_Guppy_6.5.7_450bps_modbases_5mc_cg_sup_prom_pass.bam', 's3://human-pangenomics/working/HPRC/HG02486/raw_data/nanopore/guppy_6/HG02486_1_Guppy_6.5.7_450bps_modbases_5mc_cg_sup_prom_pass.bam', 's3://human-pangenomics/working/HPRC/HG02486/raw_data/nanopore/guppy_6/HG02486_2_Guppy_6.5.7_450bps_modbases_5mc_cg_sup_prom_pass.bam', 's3://human-pangenomics/working/HPRC/HG02486/raw_data/nanopore/guppy_6/HG02486_3_Guppy_6.5.7_450bps_modbases_5mc_cg_sup_prom_pass.bam']",5,59.08,"[17.68, 17.07, 11.37, 4.65, 8.31]",12,R941,16000,https://raw.githubusercontent.com/mobinasri/flagger/refs/heads/main/misc/alpha_tsv/ONT_R941_Guppy6.3.7/alpha_optimum_trunc_exp_gaussian_w_16000_n_50.ONT_R941_Guppy6.3.7_DEC_2024.v1.1.0.tsv
HG02514,"['s3://human-pangenomics/working/HPRC/HG02514/raw_data/nanopore/guppy_6/02_15_22_R941_HG02514_2_Guppy_6.5.7_450bps_modbases_5mc_cg_sup_prom_pass.bam', 's3://human-pangenomics/working/HPRC/HG02514/raw_data/nanopore/guppy_6/02_15_22_R941_HG02514_1_Guppy_6.5.7_450bps_modbases_5mc_cg_sup_prom_pass.bam', 's3://human-pangenomics/working/HPRC/HG02514/raw_data/nanopore/guppy_6/02_15_22_R941_HG02514_3_Guppy_6.5.7_450bps_modbases_5mc_cg_sup_prom_pass.bam']",3,64.07,21,map-ont,15,"['s3://human-pangenomics/working/HPRC/HG02514/raw_data/nanopore/guppy_6/02_15_22_R941_HG02514_1_Guppy_6.5.7_450bps_modbases_5mc_cg_sup_prom_pass.bam', 's3://human-pangenomics/working/HPRC/HG02514/raw_data/nanopore/guppy_6/02_15_22_R941_HG02514_2_Guppy_6.5.7_450bps_modbases_5mc_cg_sup_prom_pass.bam', 's3://human-pangenomics/working/HPRC/HG02514/raw_data/nanopore/guppy_6/02_15_22_R941_HG02514_3_Guppy_6.5.7_450bps_modbases_5mc_cg_sup_prom_pass.bam']",3,64.07,"[21.49, 22.59, 19.99]",21,R941,16000,https://raw.githubusercontent.com/mobinasri/flagger/refs/heads/main/misc/alpha_tsv/ONT_R941_Guppy6.3.7/alpha_optimum_trunc_exp_gaussian_w_16000_n_50.ONT_R941_Guppy6.3.7_DEC_2024.v1.1.0.tsv
HG02523,"['s3://human-pangenomics/working/HPRC/HG02523/raw_data/nanopore/guppy_6/12_08_21_R941_HG02523_1_Guppy_6.4.6_450bps_modbases_5mc_cg_sup_prom_pass.bam', 's3://human-pangenomics/working/HPRC/HG02523/raw_data/nanopore/guppy_6/12_08_21_R941_HG02523_2_Guppy_6.4.6_450bps_modbases_5mc_cg_sup_prom_pass.bam', 's3://human-pangenomics/working/HPRC/HG02523/raw_data/nanopore/guppy_6/12_08_21_R941_HG02523_3_Guppy_6.4.6_450bps_modbases_5mc_cg_sup_prom_pass.bam']",3,77.62,21,map-ont,15,"['s3://human-pangenomics/working/HPRC/HG02523/raw_data/nanopore/guppy_6/12_08_21_R941_HG02523_1_Guppy_6.4.6_450bps_modbases_5mc_cg_sup_prom_pass.bam', 's3://human-pangenomics/working/HPRC/HG02523/raw_data/nanopore/guppy_6/12_08_21_R941_HG02523_2_Guppy_6.4.6_450bps_modbases_5mc_cg_sup_prom_pass.bam', 's3://human-pangenomics/working/HPRC/HG02523/raw_data/nanopore/guppy_6/12_08_21_R941_HG02523_3_Guppy_6.4.6_450bps_modbases_5mc_cg_sup_prom_pass.bam']",3,77.62,"[29.08, 25.74, 22.8]",21,R941,16000,https://raw.githubusercontent.com/mobinasri/flagger/refs/heads/main/misc/alpha_tsv/ONT_R941_Guppy6.3.7/alpha_optimum_trunc_exp_gaussian_w_16000_n_50.ONT_R941_Guppy6.3.7_DEC_2024.v1.1.0.tsv
HG02559,"['s3://human-pangenomics/working/HPRC/HG02559/raw_data/nanopore/guppy_6/12_7_22_R941_HG02559_1_Guppy_6.5.7_450bps_modbases_5mc_cg_sup_prom_pass.bam', 's3://human-pangenomics/working/HPRC/HG02559/raw_data/nanopore/guppy_6/12_7_22_R941_HG02559_2_Guppy_6.5.7_450bps_modbases_5mc_cg_sup_prom_pass.bam', 's3://human-pangenomics/working/HPRC/HG02559/raw_data/nanopore/guppy_6/HG02559_3_Guppy_6.5.7_450bps_modbases_5mc_cg_sup_prom_pass.bam', 's3://human-pangenomics/working/HPRC/HG02559/raw_data/nanopore/guppy_6/HG02559_5_Guppy_6.5.7_450bps_modbases_5mc_cg_sup_prom_pass.bam', 's3://human-pangenomics/working/HPRC/HG02559/raw_data/nanopore/guppy_6/HG02559_1_Guppy_6.5.7_450bps_modbases_5mc_cg_sup_prom_pass.bam', 's3://human-pangenomics/working/HPRC/HG02559/raw_data/nanopore/guppy_6/HG02559_2_Guppy_6.5.7_450bps_modbases_5mc_cg_sup_prom_pass.bam']",6,58.74,10,map-ont,15,"['s3://human-pangenomics/working/HPRC/HG02559/raw_data/nanopore/guppy_6/12_7_22_R941_HG02559_1_Guppy_6.5.7_450bps_modbases_5mc_cg_sup_prom_pass.bam', 's3://human-pangenomics/working/HPRC/HG02559/raw_data/nanopore/guppy_6/12_7_22_R941_HG02559_2_Guppy_6.5.7_450bps_modbases_5mc_cg_sup_prom_pass.bam', 's3://human-pangenomics/working/HPRC/HG02559/raw_data/nanopore/guppy_6/HG02559_1_Guppy_6.5.7_450bps_modbases_5mc_cg_sup_prom_pass.bam', 's3://human-pangenomics/working/HPRC/HG02559/raw_data/nanopore/guppy_6/HG02559_2_Guppy_6.5.7_450bps_modbases_5mc_cg_sup_prom_pass.bam', 's3://human-pangenomics/working/HPRC/HG02559/raw_data/nanopore/guppy_6/HG02559_3_Guppy_6.5.7_450bps_modbases_5mc_cg_sup_prom_pass.bam', 's3://human-pangenomics/working/HPRC/HG02559/raw_data/nanopore/guppy_6/HG02559_5_Guppy_6.5.7_450bps_modbases_5mc_cg_sup_prom_pass.bam']",6,58.74,"[22.77, 20.56, 3.4, 2.54, 5.76, 3.71]",10,R941,16000,https://raw.githubusercontent.com/mobinasri/flagger/refs/heads/main/misc/alpha_tsv/ONT_R941_Guppy6.3.7/alpha_optimum_trunc_exp_gaussian_w_16000_n_50.ONT_R941_Guppy6.3.7_DEC_2024.v1.1.0.tsv
HG02572,"['s3://human-pangenomics/working/HPRC/HG02572/raw_data/nanopore/guppy_6/03_14_23_R941_HG02572_2_Guppy_6.5.7_450bps_modbases_5mc_cg_sup_prom_pass.bam', 's3://human-pangenomics/working/HPRC/HG02572/raw_data/nanopore/guppy_6/03_14_23_R941_HG02572_1_Guppy_6.5.7_450bps_modbases_5mc_cg_sup_prom_pass.bam', 's3://human-pangenomics/working/HPRC/HG02572/raw_data/nanopore/guppy_6/HG02572_3_Guppy_6.5.7_450bps_modbases_5mc_cg_sup_prom_pass.bam', 's3://human-pangenomics/working/HPRC/HG02572/raw_data/nanopore/guppy_6/HG02572_1_Guppy_6.5.7_450bps_modbases_5mc_cg_sup_prom_pass.bam']",4,60.92,16,map-ont,15,"['s3://human-pangenomics/working/HPRC/HG02572/raw_data/nanopore/guppy_6/03_14_23_R941_HG02572_1_Guppy_6.5.7_450bps_modbases_5mc_cg_sup_prom_pass.bam', 's3://human-pangenomics/working/HPRC/HG02572/raw_data/nanopore/guppy_6/03_14_23_R941_HG02572_2_Guppy_6.5.7_450bps_modbases_5mc_cg_sup_prom_pass.bam', 's3://human-pangenomics/working/HPRC/HG02572/raw_data/nanopore/guppy_6/HG02572_1_Guppy_6.5.7_450bps_modbases_5mc_cg_sup_prom_pass.bam', 's3://human-pangenomics/working/HPRC/HG02572/raw_data/nanopore/guppy_6/HG02572_3_Guppy_6.5.7_450bps_modbases_5mc_cg_sup_prom_pass.bam', 's3://human-pangenomics/working/HPRC/HG02572/raw_data/nanopore/guppy_6/HG02572_5_Guppy_6.5.7_450bps_modbases_5mc_cg_sup_prom_pass.bam']",5,63.92,"[20.7, 30.13, 4.22, 5.87, 3.0]",12,R941,16000,https://raw.githubusercontent.com/mobinasri/flagger/refs/heads/main/misc/alpha_tsv/ONT_R941_Guppy6.3.7/alpha_optimum_trunc_exp_gaussian_w_16000_n_50.ONT_R941_Guppy6.3.7_DEC_2024.v1.1.0.tsv
HG02583,"['s3://human-pangenomics/working/HPRC/HG02583/raw_data/nanopore/dorado0.6.0_sup4.3.0_5mCG_5hmCG/01_16_24_R1041_HPRC_HG02583_3_dorado0.6.0_sup4.3.0_5mCG_5hmCG.bam', 's3://human-pangenomics/working/HPRC/HG02583/raw_data/nanopore/dorado0.6.0_sup4.3.0_5mCG_5hmCG/01_16_24_R1041_HPRC_HG02583_1_dorado0.6.0_sup4.3.0_5mCG_5hmCG.bam', 's3://human-pangenomics/working/HPRC/HG02583/raw_data/nanopore/dorado0.6.0_sup4.3.0_5mCG_5hmCG/01_16_24_R1041_HPRC_HG02583_2_dorado0.6.0_sup4.3.0_5mCG_5hmCG.bam']",3,78.26,21,lr:hqae,25,"['s3://human-pangenomics/working/HPRC/HG02583/raw_data/nanopore/dorado0.6.0_sup4.3.0_5mCG_5hmCG/11_7_23_R1041_HPRC_HG02583_3_dorado0.6.0_sup4.3.0_5mCG_5hmCG.bam', 's3://human-pangenomics/working/HPRC/HG02583/raw_data/nanopore/dorado0.6.0_sup4.3.0_5mCG_5hmCG/01_16_24_R1041_HPRC_HG02583_1_dorado0.6.0_sup4.3.0_5mCG_5hmCG.bam', 's3://human-pangenomics/working/HPRC/HG02583/raw_data/nanopore/dorado0.6.0_sup4.3.0_5mCG_5hmCG/11_7_23_R1041_HPRC_HG02583_2_dorado0.6.0_sup4.3.0_5mCG_5hmCG.bam', 's3://human-pangenomics/working/HPRC/HG02583/raw_data/nanopore/dorado0.6.0_sup4.3.0_5mCG_5hmCG/01_16_24_R1041_HPRC_HG02583_2_dorado0.6.0_sup4.3.0_5mCG_5hmCG.bam', 's3://human-pangenomics/working/HPRC/HG02583/raw_data/nanopore/dorado0.6.0_sup4.3.0_5mCG_5hmCG/11_7_23_R1041_HPRC_HG02583_1_dorado0.6.0_sup4.3.0_5mCG_5hmCG.bam', 's3://human-pangenomics/working/HPRC/HG02583/raw_data/nanopore/dorado0.6.0_sup4.3.0_5mCG_5hmCG/01_16_24_R1041_HPRC_HG02583_3_dorado0.6.0_sup4.3.0_5mCG_5hmCG.bam']",6,79.44,"[0.55, 26.39, 0.3, 25.26, 0.33, 26.61]",10,R1041,8000,https://raw.githubusercontent.com/mobinasri/flagger/refs/heads/main/misc/alpha_tsv/ONT_R1041_Dorado/alpha_optimum_trunc_exp_gaussian_w_8000_n_50.ONT_R1041_Dorado_DEC_2024.v1.1.0.tsv
HG02602,"['s3://human-pangenomics/working/HPRC/HG02602/raw_data/nanopore/guppy_6/07_20_21_R941_HG02602_1_Guppy_6.5.7_450bps_modbases_5mc_cg_sup_prom_pass.bam', 's3://human-pangenomics/working/HPRC/HG02602/raw_data/nanopore/guppy_6/07_20_21_R941_HG02602_2_Guppy_6.5.7_450bps_modbases_5mc_cg_sup_prom_pass.bam']",2,61.43,32,map-ont,15,"['s3://human-pangenomics/working/HPRC/HG02602/raw_data/nanopore/guppy_6/07_20_21_R941_HG02602_1_Guppy_6.5.7_450bps_modbases_5mc_cg_sup_prom_pass.bam', 's3://human-pangenomics/working/HPRC/HG02602/raw_data/nanopore/guppy_6/07_20_21_R941_HG02602_2_Guppy_6.5.7_450bps_modbases_5mc_cg_sup_prom_pass.bam', 's3://human-pangenomics/working/HPRC/HG02602/raw_data/nanopore/guppy_6/07_20_21_R941_HG02602_3_Guppy_6.5.7_450bps_modbases_5mc_cg_sup_prom_pass.bam']",3,83.09,"[32.31, 29.12, 21.66]",21,R941,16000,https://raw.githubusercontent.com/mobinasri/flagger/refs/heads/main/misc/alpha_tsv/ONT_R941_Guppy6.3.7/alpha_optimum_trunc_exp_gaussian_w_16000_n_50.ONT_R941_Guppy6.3.7_DEC_2024.v1.1.0.tsv
HG02615,"['s3://human-pangenomics/working/HPRC/HG02615/raw_data/nanopore/guppy_6/07_20_21_R941_HG02615_2_Guppy_6.5.7_450bps_modbases_5mc_cg_sup_prom_pass.bam', 's3://human-pangenomics/working/HPRC/HG02615/raw_data/nanopore/guppy_6/07_20_21_R941_HG02615_1_Guppy_6.5.7_450bps_modbases_5mc_cg_sup_prom_pass.bam', 's3://human-pangenomics/working/HPRC/HG02615/raw_data/nanopore/guppy_6/07_20_21_R941_HG02615_3_Guppy_6.5.7_450bps_modbases_5mc_cg_sup_prom_pass.bam']",3,68.79,21,map-ont,15,"['s3://human-pangenomics/working/HPRC/HG02615/raw_data/nanopore/guppy_6/07_20_21_R941_HG02615_1_Guppy_6.5.7_450bps_modbases_5mc_cg_sup_prom_pass.bam', 's3://human-pangenomics/working/HPRC/HG02615/raw_data/nanopore/guppy_6/07_20_21_R941_HG02615_2_Guppy_6.5.7_450bps_modbases_5mc_cg_sup_prom_pass.bam', 's3://human-pangenomics/working/HPRC/HG02615/raw_data/nanopore/guppy_6/07_20_21_R941_HG02615_3_Guppy_6.5.7_450bps_modbases_5mc_cg_sup_prom_pass.bam']",3,68.79,"[27.9, 29.54, 11.35]",21,R941,16000,https://raw.githubusercontent.com/mobinasri/flagger/refs/heads/main/misc/alpha_tsv/ONT_R941_Guppy6.3.7/alpha_optimum_trunc_exp_gaussian_w_16000_n_50.ONT_R941_Guppy6.3.7_DEC_2024.v1.1.0.tsv
HG02622,"['s3://human-pangenomics/working/HPRC/HG02622/raw_data/nanopore/guppy_6/03_14_23_R941_HG02622_2_Guppy_6.5.7_450bps_modbases_5mc_cg_sup_prom_pass.bam', 's3://human-pangenomics/working/HPRC/HG02622/raw_data/nanopore/guppy_6/03_14_23_R941_HG02622_1_Guppy_6.5.7_450bps_modbases_5mc_cg_sup_prom_pass.bam', 's3://human-pangenomics/working/HPRC/HG02622/raw_data/nanopore/guppy_6/HG02622_3_Guppy_6.5.7_450bps_modbases_5mc_cg_sup_prom_pass.bam', 's3://human-pangenomics/working/HPRC/HG02622/raw_data/nanopore/guppy_6/HG02622_1_Guppy_6.5.7_450bps_modbases_5mc_cg_sup_prom_pass.bam', 's3://human-pangenomics/working/HPRC/HG02622/raw_data/nanopore/guppy_6/HG02622_5_Guppy_6.5.7_450bps_modbases_5mc_cg_sup_prom_pass.bam']",5,61.6,12,map-ont,15,"['s3://human-pangenomics/working/HPRC/HG02622/raw_data/nanopore/guppy_6/03_14_23_R941_HG02622_1_Guppy_6.5.7_450bps_modbases_5mc_cg_sup_prom_pass.bam', 's3://human-pangenomics/working/HPRC/HG02622/raw_data/nanopore/guppy_6/03_14_23_R941_HG02622_2_Guppy_6.5.7_450bps_modbases_5mc_cg_sup_prom_pass.bam', 's3://human-pangenomics/working/HPRC/HG02622/raw_data/nanopore/guppy_6/HG02622_1_Guppy_6.5.7_450bps_modbases_5mc_cg_sup_prom_pass.bam', 's3://human-pangenomics/working/HPRC/HG02622/raw_data/nanopore/guppy_6/HG02622_3_Guppy_6.5.7_450bps_modbases_5mc_cg_sup_prom_pass.bam', 's3://human-pangenomics/working/HPRC/HG02622/raw_data/nanopore/guppy_6/HG02622_5_Guppy_6.5.7_450bps_modbases_5mc_cg_sup_prom_pass.bam']",5,61.6,"[23.6, 26.24, 4.1, 4.6, 3.06]",12,R941,16000,https://raw.githubusercontent.com/mobinasri/flagger/refs/heads/main/misc/alpha_tsv/ONT_R941_Guppy6.3.7/alpha_optimum_trunc_exp_gaussian_w_16000_n_50.ONT_R941_Guppy6.3.7_DEC_2024.v1.1.0.tsv
HG02624,"['s3://human-pangenomics/working/HPRC/HG02624/raw_data/nanopore/dorado0.6.0_sup4.3.0_5mCG_5hmCG/09_06_23_R1041_HPRC_HG02624_2_dorado0.6.0_sup4.3.0_5mCG_5hmCG.bam', 's3://human-pangenomics/working/HPRC/HG02624/raw_data/nanopore/dorado0.6.0_sup4.3.0_5mCG_5hmCG/09_06_23_R1041_HPRC_HG02624_3_dorado0.6.0_sup4.3.0_5mCG_5hmCG.bam', 's3://human-pangenomics/working/HPRC/HG02624/raw_data/nanopore/dorado0.6.0_sup4.3.0_5mCG_5hmCG/09_06_23_R1041_HPRC_HG02624_1_dorado0.6.0_sup4.3.0_5mCG_5hmCG.bam']",3,70.47,21,lr:hqae,25,"['s3://human-pangenomics/working/HPRC/HG02624/raw_data/nanopore/dorado0.6.0_sup4.3.0_5mCG_5hmCG/09_06_23_R1041_HPRC_HG02624_2_dorado0.6.0_sup4.3.0_5mCG_5hmCG.bam', 's3://human-pangenomics/working/HPRC/HG02624/raw_data/nanopore/dorado0.6.0_sup4.3.0_5mCG_5hmCG/09_06_23_R1041_HPRC_HG02624_3_dorado0.6.0_sup4.3.0_5mCG_5hmCG.bam', 's3://human-pangenomics/working/HPRC/HG02624/raw_data/nanopore/dorado0.6.0_sup4.3.0_5mCG_5hmCG/09_06_23_R1041_HPRC_HG02624_1_dorado0.6.0_sup4.3.0_5mCG_5hmCG.bam']",3,70.47,"[28.51, 22.47, 19.49]",21,R1041,8000,https://raw.githubusercontent.com/mobinasri/flagger/refs/heads/main/misc/alpha_tsv/ONT_R1041_Dorado/alpha_optimum_trunc_exp_gaussian_w_8000_n_50.ONT_R1041_Dorado_DEC_2024.v1.1.0.tsv
HG02630,"['s3://human-pangenomics/working/HPRC/HG02630/raw_data/nanopore/guppy_6/04_11_23_R941_HG02630_2_Guppy_6.5.7_450bps_modbases_5mc_cg_sup_prom_pass.bam', 's3://human-pangenomics/working/HPRC/HG02630/raw_data/nanopore/guppy_6/04_11_23_R941_HG02630_1_Guppy_6.5.7_450bps_modbases_5mc_cg_sup_prom_pass.bam', 's3://human-pangenomics/working/HPRC/HG02630/raw_data/nanopore/guppy_6/HG02630_5_Guppy_6.5.7_450bps_modbases_5mc_cg_sup_prom_pass.bam']",3,69.21,21,map-ont,15,"['s3://human-pangenomics/working/HPRC/HG02630/raw_data/nanopore/guppy_6/04_11_23_R941_HG02630_1_Guppy_6.5.7_450bps_modbases_5mc_cg_sup_prom_pass.bam', 's3://human-pangenomics/working/HPRC/HG02630/raw_data/nanopore/guppy_6/04_11_23_R941_HG02630_2_Guppy_6.5.7_450bps_modbases_5mc_cg_sup_prom_pass.bam', 's3://human-pangenomics/working/HPRC/HG02630/raw_data/nanopore/guppy_6/HG02630_1_Guppy_6.5.7_450bps_modbases_5mc_cg_sup_prom_pass.bam', 's3://human-pangenomics/working/HPRC/HG02630/raw_data/nanopore/guppy_6/HG02630_3_Guppy_6.5.7_450bps_modbases_5mc_cg_sup_prom_pass.bam', 's3://human-pangenomics/working/HPRC/HG02630/raw_data/nanopore/guppy_6/HG02630_5_Guppy_6.5.7_450bps_modbases_5mc_cg_sup_prom_pass.bam']",5,76.13,"[24.68, 34.99, 1.04, 5.88, 9.54]",12,R941,16000,https://raw.githubusercontent.com/mobinasri/flagger/refs/heads/main/misc/alpha_tsv/ONT_R941_Guppy6.3.7/alpha_optimum_trunc_exp_gaussian_w_16000_n_50.ONT_R941_Guppy6.3.7_DEC_2024.v1.1.0.tsv
HG02647,"['s3://human-pangenomics/working/HPRC/HG02647/raw_data/nanopore/guppy_6/08_10_21_R941_HG02647_3_Guppy_6.5.7_450bps_modbases_5mc_cg_sup_prom_pass.bam', 's3://human-pangenomics/working/HPRC/HG02647/raw_data/nanopore/guppy_6/08_10_21_R941_HG02647_2_Guppy_6.5.7_450bps_modbases_5mc_cg_sup_prom_pass.bam', 's3://human-pangenomics/working/HPRC/HG02647/raw_data/nanopore/guppy_6/08_10_21_R941_HG02647_1_Guppy_6.5.7_450bps_modbases_5mc_cg_sup_prom_pass.bam', 's3://human-pangenomics/working/HPRC/HG02647/raw_data/nanopore/guppy_6/08_10_21_R941_HG02647_4_Guppy_6.5.7_450bps_modbases_5mc_cg_sup_prom_pass.bam']",4,51.0,16,map-ont,15,"['s3://human-pangenomics/working/HPRC/HG02647/raw_data/nanopore/guppy_6/08_10_21_R941_HG02647_1_Guppy_6.5.7_450bps_modbases_5mc_cg_sup_prom_pass.bam', 's3://human-pangenomics/working/HPRC/HG02647/raw_data/nanopore/guppy_6/08_10_21_R941_HG02647_2_Guppy_6.5.7_450bps_modbases_5mc_cg_sup_prom_pass.bam', 's3://human-pangenomics/working/HPRC/HG02647/raw_data/nanopore/guppy_6/08_10_21_R941_HG02647_3_Guppy_6.5.7_450bps_modbases_5mc_cg_sup_prom_pass.bam', 's3://human-pangenomics/working/HPRC/HG02647/raw_data/nanopore/guppy_6/08_10_21_R941_HG02647_4_Guppy_6.5.7_450bps_modbases_5mc_cg_sup_prom_pass.bam']",4,51.0,"[10.77, 17.51, 19.22, 3.5]",16,R941,16000,https://raw.githubusercontent.com/mobinasri/flagger/refs/heads/main/misc/alpha_tsv/ONT_R941_Guppy6.3.7/alpha_optimum_trunc_exp_gaussian_w_16000_n_50.ONT_R941_Guppy6.3.7_DEC_2024.v1.1.0.tsv
HG02668,"['s3://human-pangenomics/working/HPRC/HG02668/raw_data/nanopore/guppy_6/07_20_21_R941_HG02668_2_Guppy_6.5.7_450bps_modbases_5mc_cg_sup_prom_pass.bam', 's3://human-pangenomics/working/HPRC/HG02668/raw_data/nanopore/guppy_6/07_20_21_R941_HG02668_1_Guppy_6.5.7_450bps_modbases_5mc_cg_sup_prom_pass.bam', 's3://human-pangenomics/working/HPRC/HG02668/raw_data/nanopore/guppy_6/07_20_21_R941_HG02668_3_Guppy_6.5.7_450bps_modbases_5mc_cg_sup_prom_pass.bam']",3,54.02,21,map-ont,15,"['s3://human-pangenomics/working/HPRC/HG02668/raw_data/nanopore/guppy_6/07_20_21_R941_HG02668_1_Guppy_6.5.7_450bps_modbases_5mc_cg_sup_prom_pass.bam', 's3://human-pangenomics/working/HPRC/HG02668/raw_data/nanopore/guppy_6/07_20_21_R941_HG02668_2_Guppy_6.5.7_450bps_modbases_5mc_cg_sup_prom_pass.bam', 's3://human-pangenomics/working/HPRC/HG02668/raw_data/nanopore/guppy_6/07_20_21_R941_HG02668_3_Guppy_6.5.7_450bps_modbases_5mc_cg_sup_prom_pass.bam']",3,54.02,"[16.56, 21.05, 16.41]",21,R941,16000,https://raw.githubusercontent.com/mobinasri/flagger/refs/heads/main/misc/alpha_tsv/ONT_R941_Guppy6.3.7/alpha_optimum_trunc_exp_gaussian_w_16000_n_50.ONT_R941_Guppy6.3.7_DEC_2024.v1.1.0.tsv
HG02683,"['s3://human-pangenomics/working/HPRC/HG02683/raw_data/nanopore/guppy_6/08_25_21_R941_HG02683_2_Guppy_6.5.7_450bps_modbases_5mc_cg_sup_prom_pass.bam', 's3://human-pangenomics/working/HPRC/HG02683/raw_data/nanopore/guppy_6/08_25_21_R941_HG02683_3_Guppy_6.5.7_450bps_modbases_5mc_cg_sup_prom_pass.bam', 's3://human-pangenomics/working/HPRC/HG02683/raw_data/nanopore/guppy_6/08_25_21_R941_HG02683_1_Guppy_6.5.7_450bps_modbases_5mc_cg_sup_prom_pass.bam']",3,47.61,21,map-ont,15,"['s3://human-pangenomics/working/HPRC/HG02683/raw_data/nanopore/guppy_6/08_25_21_R941_HG02683_3_Guppy_6.5.7_450bps_modbases_5mc_cg_sup_prom_pass.bam', 's3://human-pangenomics/working/HPRC/HG02683/raw_data/nanopore/guppy_6/08_25_21_R941_HG02683_1_Guppy_6.5.7_450bps_modbases_5mc_cg_sup_prom_pass.bam', 's3://human-pangenomics/working/HPRC/HG02683/raw_data/nanopore/guppy_6/08_25_21_R941_HG02683_2_Guppy_6.5.7_450bps_modbases_5mc_cg_sup_prom_pass.bam']",3,47.61,"[15.58, 15.46, 16.57]",21,R941,16000,https://raw.githubusercontent.com/mobinasri/flagger/refs/heads/main/misc/alpha_tsv/ONT_R941_Guppy6.3.7/alpha_optimum_trunc_exp_gaussian_w_16000_n_50.ONT_R941_Guppy6.3.7_DEC_2024.v1.1.0.tsv
HG02698,"['s3://human-pangenomics/working/HPRC/HG02698/raw_data/nanopore/guppy_6/07_20_21_R941_HG02698_1_Guppy_6.5.7_450bps_modbases_5mc_cg_sup_prom_pass.bam', 's3://human-pangenomics/working/HPRC/HG02698/raw_data/nanopore/guppy_6/07_20_21_R941_HG02698_4_Guppy_6.5.7_450bps_modbases_5mc_cg_sup_prom_pass.bam']",2,62.42,32,map-ont,15,"['s3://human-pangenomics/working/HPRC/HG02698/raw_data/nanopore/guppy_6/07_20_21_R941_HG02698_1_Guppy_6.5.7_450bps_modbases_5mc_cg_sup_prom_pass.bam', 's3://human-pangenomics/working/HPRC/HG02698/raw_data/nanopore/guppy_6/07_20_21_R941_HG02698_2_Guppy_6.5.7_450bps_modbases_5mc_cg_sup_prom_pass.bam', 's3://human-pangenomics/working/HPRC/HG02698/raw_data/nanopore/guppy_6/07_20_21_R941_HG02698_3_Guppy_6.5.7_450bps_modbases_5mc_cg_sup_prom_pass.bam', 's3://human-pangenomics/working/HPRC/HG02698/raw_data/nanopore/guppy_6/07_20_21_R941_HG02698_4_Guppy_6.5.7_450bps_modbases_5mc_cg_sup_prom_pass.bam', 's3://human-pangenomics/working/HPRC/HG02698/raw_data/nanopore/guppy_6/07_20_21_R941_HG02698_5_Guppy_6.5.7_450bps_modbases_5mc_cg_sup_prom_pass.bam']",5,82.66,"[34.61, 7.27, 7.03, 27.81, 5.94]",12,R941,16000,https://raw.githubusercontent.com/mobinasri/flagger/refs/heads/main/misc/alpha_tsv/ONT_R941_Guppy6.3.7/alpha_optimum_trunc_exp_gaussian_w_16000_n_50.ONT_R941_Guppy6.3.7_DEC_2024.v1.1.0.tsv
HG02717,"['s3://human-pangenomics/working/HPRC/HG02717/raw_data/nanopore/guppy_6/HG02717_PAK43947_Guppy_6.5.7_450bps_modbases_5mc_cg_sup_prom_pass.bam', 's3://human-pangenomics/working/HPRC/HG02717/raw_data/nanopore/guppy_6/HG02717_PAK44878_Guppy_6.5.7_450bps_modbases_5mc_cg_sup_prom_pass.bam', 's3://human-pangenomics/working/HPRC/HG02717/raw_data/nanopore/guppy_6/HG02717_PAK46278_Guppy_6.5.7_450bps_modbases_5mc_cg_sup_prom_pass.bam', 's3://human-pangenomics/working/HPRC/HG02717/raw_data/nanopore/guppy_6/HG02717_PAK46297_Guppy_6.5.7_450bps_modbases_5mc_cg_sup_prom_pass.bam']",4,61.41,16,map-ont,15,"['s3://human-pangenomics/working/HPRC/HG02717/raw_data/nanopore/guppy_6/HG02717_1_Guppy_6.5.7_450bps_modbases_5mc_cg_sup_prom_pass.bam', 's3://human-pangenomics/working/HPRC/HG02717/raw_data/nanopore/guppy_6/HG02717_3_Guppy_6.5.7_450bps_modbases_5mc_cg_sup_prom_pass.bam', 's3://human-pangenomics/working/HPRC/HG02717/raw_data/nanopore/guppy_6/HG02717_5_Guppy_6.5.7_450bps_modbases_5mc_cg_sup_prom_pass.bam', 's3://human-pangenomics/working/HPRC/HG02717/raw_data/nanopore/guppy_6/HG02717_PAK21733_Guppy_6.5.7_450bps_modbases_5mc_cg_sup_prom_pass.bam', 's3://human-pangenomics/working/HPRC/HG02717/raw_data/nanopore/guppy_6/HG02717_PAK43947_Guppy_6.5.7_450bps_modbases_5mc_cg_sup_prom_pass.bam', 's3://human-pangenomics/working/HPRC/HG02717/raw_data/nanopore/guppy_6/HG02717_PAK44878_Guppy_6.5.7_450bps_modbases_5mc_cg_sup_prom_pass.bam', 's3://human-pangenomics/working/HPRC/HG02717/raw_data/nanopore/guppy_6/HG02717_PAK46278_Guppy_6.5.7_450bps_modbases_5mc_cg_sup_prom_pass.bam', 's3://human-pangenomics/working/HPRC/HG02717/raw_data/nanopore/guppy_6/HG02717_PAK46297_Guppy_6.5.7_450bps_modbases_5mc_cg_sup_prom_pass.bam', 's3://human-pangenomics/working/HPRC/HG02717/raw_data/nanopore/guppy_6/HG02717_PAM32901_Guppy_6.5.7_450bps_modbases_5mc_cg_sup_prom_pass.bam']",9,107.6,"[2.37, 9.09, 10.89, 11.04, 16.69, 15.91, 15.01, 13.8, 12.8]",7,R941,16000,https://raw.githubusercontent.com/mobinasri/flagger/refs/heads/main/misc/alpha_tsv/ONT_R941_Guppy6.3.7/alpha_optimum_trunc_exp_gaussian_w_16000_n_50.ONT_R941_Guppy6.3.7_DEC_2024.v1.1.0.tsv
HG02735,"['s3://human-pangenomics/working/HPRC/HG02735/raw_data/nanopore/guppy_6/08_17_21_R941_HG02735_2_Guppy_6.5.7_450bps_modbases_5mc_cg_sup_prom_pass.bam', 's3://human-pangenomics/working/HPRC/HG02735/raw_data/nanopore/guppy_6/08_17_21_R941_HG02735_1_Guppy_6.5.7_450bps_modbases_5mc_cg_sup_prom_pass.bam', 's3://human-pangenomics/working/HPRC/HG02735/raw_data/nanopore/guppy_6/08_17_21_R941_HG02735_4_Guppy_6.5.7_450bps_modbases_5mc_cg_sup_prom_pass.bam', 's3://human-pangenomics/working/HPRC/HG02735/raw_data/nanopore/guppy_6/08_17_21_R941_HG02735_3_Guppy_6.5.7_450bps_modbases_5mc_cg_sup_prom_pass.bam']",4,54.62,16,map-ont,15,"['s3://human-pangenomics/working/HPRC/HG02735/raw_data/nanopore/guppy_6/08_17_21_R941_HG02735_1_Guppy_6.5.7_450bps_modbases_5mc_cg_sup_prom_pass.bam', 's3://human-pangenomics/working/HPRC/HG02735/raw_data/nanopore/guppy_6/08_17_21_R941_HG02735_2_Guppy_6.5.7_450bps_modbases_5mc_cg_sup_prom_pass.bam', 's3://human-pangenomics/working/HPRC/HG02735/raw_data/nanopore/guppy_6/08_17_21_R941_HG02735_3_Guppy_6.5.7_450bps_modbases_5mc_cg_sup_prom_pass.bam', 's3://human-pangenomics/working/HPRC/HG02735/raw_data/nanopore/guppy_6/08_17_21_R941_HG02735_4_Guppy_6.5.7_450bps_modbases_5mc_cg_sup_prom_pass.bam']",4,54.62,"[15.77, 17.4, 8.75, 12.7]",16,R941,16000,https://raw.githubusercontent.com/mobinasri/flagger/refs/heads/main/misc/alpha_tsv/ONT_R941_Guppy6.3.7/alpha_optimum_trunc_exp_gaussian_w_16000_n_50.ONT_R941_Guppy6.3.7_DEC_2024.v1.1.0.tsv
HG02738,"['s3://human-pangenomics/working/HPRC/HG02738/raw_data/nanopore/guppy_6/08_17_21_R941_HG02738_3_Guppy_6.5.7_450bps_modbases_5mc_cg_sup_prom_pass.bam', 's3://human-pangenomics/working/HPRC/HG02738/raw_data/nanopore/guppy_6/08_17_21_R941_HG02738_2_Guppy_6.5.7_450bps_modbases_5mc_cg_sup_prom_pass.bam', 's3://human-pangenomics/working/HPRC/HG02738/raw_data/nanopore/guppy_6/08_17_21_R941_HG02738_1_Guppy_6.5.7_450bps_modbases_5mc_cg_sup_prom_pass.bam']",3,56.66,21,map-ont,15,"['s3://human-pangenomics/working/HPRC/HG02738/raw_data/nanopore/guppy_6/08_17_21_R941_HG02738_1_Guppy_6.5.7_450bps_modbases_5mc_cg_sup_prom_pass.bam', 's3://human-pangenomics/working/HPRC/HG02738/raw_data/nanopore/guppy_6/08_17_21_R941_HG02738_2_Guppy_6.5.7_450bps_modbases_5mc_cg_sup_prom_pass.bam', 's3://human-pangenomics/working/HPRC/HG02738/raw_data/nanopore/guppy_6/08_17_21_R941_HG02738_3_Guppy_6.5.7_450bps_modbases_5mc_cg_sup_prom_pass.bam']",3,56.66,"[6.17, 21.49, 29.0]",21,R941,16000,https://raw.githubusercontent.com/mobinasri/flagger/refs/heads/main/misc/alpha_tsv/ONT_R941_Guppy6.3.7/alpha_optimum_trunc_exp_gaussian_w_16000_n_50.ONT_R941_Guppy6.3.7_DEC_2024.v1.1.0.tsv
HG02809,"['s3://human-pangenomics/working/HPRC/HG02809/raw_data/nanopore/guppy_6/08_17_21_R941_HG02809_3_Guppy_6.5.7_450bps_modbases_5mc_cg_sup_prom_pass.bam', 's3://human-pangenomics/working/HPRC/HG02809/raw_data/nanopore/guppy_6/08_17_21_R941_HG02809_2_Guppy_6.5.7_450bps_modbases_5mc_cg_sup_prom_pass.bam', 's3://human-pangenomics/working/HPRC/HG02809/raw_data/nanopore/guppy_6/08_17_21_R941_HG02809_1_Guppy_6.5.7_450bps_modbases_5mc_cg_sup_prom_pass.bam']",3,62.86,21,map-ont,15,"['s3://human-pangenomics/working/HPRC/HG02809/raw_data/nanopore/guppy_6/08_17_21_R941_HG02809_1_Guppy_6.5.7_450bps_modbases_5mc_cg_sup_prom_pass.bam', 's3://human-pangenomics/working/HPRC/HG02809/raw_data/nanopore/guppy_6/08_17_21_R941_HG02809_2_Guppy_6.5.7_450bps_modbases_5mc_cg_sup_prom_pass.bam', 's3://human-pangenomics/working/HPRC/HG02809/raw_data/nanopore/guppy_6/08_17_21_R941_HG02809_3_Guppy_6.5.7_450bps_modbases_5mc_cg_sup_prom_pass.bam']",3,62.86,"[14.81, 22.52, 25.53]",21,R941,16000,https://raw.githubusercontent.com/mobinasri/flagger/refs/heads/main/misc/alpha_tsv/ONT_R941_Guppy6.3.7/alpha_optimum_trunc_exp_gaussian_w_16000_n_50.ONT_R941_Guppy6.3.7_DEC_2024.v1.1.0.tsv
HG02841,"['s3://human-pangenomics/working/HPRC/HG02841/raw_data/nanopore/guppy_6/08_03_21_R941_HG02841_3_Guppy_6.5.7_450bps_modbases_5mc_cg_sup_prom_pass.bam', 's3://human-pangenomics/working/HPRC/HG02841/raw_data/nanopore/guppy_6/08_03_21_R941_HG02841_1_Guppy_6.5.7_450bps_modbases_5mc_cg_sup_prom_pass.bam', 's3://human-pangenomics/working/HPRC/HG02841/raw_data/nanopore/guppy_6/08_03_21_R941_HG02841_2_Guppy_6.5.7_450bps_modbases_5mc_cg_sup_prom_pass.bam']",3,59.53,21,map-ont,15,"['s3://human-pangenomics/working/HPRC/HG02841/raw_data/nanopore/guppy_6/08_03_21_R941_HG02841_1_Guppy_6.5.7_450bps_modbases_5mc_cg_sup_prom_pass.bam', 's3://human-pangenomics/working/HPRC/HG02841/raw_data/nanopore/guppy_6/08_03_21_R941_HG02841_2_Guppy_6.5.7_450bps_modbases_5mc_cg_sup_prom_pass.bam', 's3://human-pangenomics/working/HPRC/HG02841/raw_data/nanopore/guppy_6/08_03_21_R941_HG02841_3_Guppy_6.5.7_450bps_modbases_5mc_cg_sup_prom_pass.bam']",3,59.53,"[19.14, 13.88, 26.51]",21,R941,16000,https://raw.githubusercontent.com/mobinasri/flagger/refs/heads/main/misc/alpha_tsv/ONT_R941_Guppy6.3.7/alpha_optimum_trunc_exp_gaussian_w_16000_n_50.ONT_R941_Guppy6.3.7_DEC_2024.v1.1.0.tsv
HG02886,"['s3://human-pangenomics/working/HPRC/HG02886/raw_data/nanopore/guppy_6/1_11_23_R941_HG02886_1_Guppy_6.5.7_450bps_modbases_5mc_cg_sup_prom_pass.bam', 's3://human-pangenomics/working/HPRC/HG02886/raw_data/nanopore/guppy_6/1_11_23_R941_HG02886_2_Guppy_6.5.7_450bps_modbases_5mc_cg_sup_prom_pass.bam', 's3://human-pangenomics/working/HPRC/HG02886/raw_data/nanopore/guppy_6/HG02886_3_Guppy_6.5.7_450bps_modbases_5mc_cg_sup_prom_pass.bam', 's3://human-pangenomics/working/HPRC/HG02886/raw_data/nanopore/guppy_6/HG02886_1_Guppy_6.5.7_450bps_modbases_5mc_cg_sup_prom_pass.bam', 's3://human-pangenomics/working/HPRC/HG02886/raw_data/nanopore/guppy_6/HG02886_5_Guppy_6.5.7_450bps_modbases_5mc_cg_sup_prom_pass.bam']",5,64.07,12,map-ont,15,"['s3://human-pangenomics/working/HPRC/HG02886/raw_data/nanopore/guppy_6/1_11_23_R941_HG02886_1_Guppy_6.5.7_450bps_modbases_5mc_cg_sup_prom_pass.bam', 's3://human-pangenomics/working/HPRC/HG02886/raw_data/nanopore/guppy_6/1_11_23_R941_HG02886_2_Guppy_6.5.7_450bps_modbases_5mc_cg_sup_prom_pass.bam', 's3://human-pangenomics/working/HPRC/HG02886/raw_data/nanopore/guppy_6/HG02886_1_Guppy_6.5.7_450bps_modbases_5mc_cg_sup_prom_pass.bam', 's3://human-pangenomics/working/HPRC/HG02886/raw_data/nanopore/guppy_6/HG02886_3_Guppy_6.5.7_450bps_modbases_5mc_cg_sup_prom_pass.bam', 's3://human-pangenomics/working/HPRC/HG02886/raw_data/nanopore/guppy_6/HG02886_5_Guppy_6.5.7_450bps_modbases_5mc_cg_sup_prom_pass.bam']",5,64.07,"[20.24, 16.83, 9.84, 10.72, 6.44]",12,R941,16000,https://raw.githubusercontent.com/mobinasri/flagger/refs/heads/main/misc/alpha_tsv/ONT_R941_Guppy6.3.7/alpha_optimum_trunc_exp_gaussian_w_16000_n_50.ONT_R941_Guppy6.3.7_DEC_2024.v1.1.0.tsv
HG02922,"['s3://human-pangenomics/working/HPRC/HG02922/raw_data/nanopore/guppy_6/06_28_22_R941_HG02922_1_Guppy_6.5.7_450bps_modbases_5mc_cg_sup_prom_pass.bam', 's3://human-pangenomics/working/HPRC/HG02922/raw_data/nanopore/guppy_6/06_28_22_R941_HG02922_2_Guppy_6.5.7_450bps_modbases_5mc_cg_sup_prom_pass.bam']",2,61.98,32,map-ont,15,"['s3://human-pangenomics/working/HPRC/HG02922/raw_data/nanopore/guppy_6/06_28_22_R941_HG02922_1_Guppy_6.5.7_450bps_modbases_5mc_cg_sup_prom_pass.bam', 's3://human-pangenomics/working/HPRC/HG02922/raw_data/nanopore/guppy_6/06_28_22_R941_HG02922_2_Guppy_6.5.7_450bps_modbases_5mc_cg_sup_prom_pass.bam', 's3://human-pangenomics/working/HPRC/HG02922/raw_data/nanopore/guppy_6/06_28_22_R941_HG02922_3_Guppy_6.5.7_450bps_modbases_5mc_cg_sup_prom_pass.bam']",3,87.37,"[31.01, 30.97, 25.39]",21,R941,16000,https://raw.githubusercontent.com/mobinasri/flagger/refs/heads/main/misc/alpha_tsv/ONT_R941_Guppy6.3.7/alpha_optimum_trunc_exp_gaussian_w_16000_n_50.ONT_R941_Guppy6.3.7_DEC_2024.v1.1.0.tsv
HG02965,"['s3://human-pangenomics/working/HPRC/HG02965/raw_data/nanopore/guppy_6/04_12_22_R941_HG02965_2_Guppy_6.5.7_450bps_modbases_5mc_cg_sup_prom_pass.bam', 's3://human-pangenomics/working/HPRC/HG02965/raw_data/nanopore/guppy_6/04_12_22_R941_HG02965_3_Guppy_6.5.7_450bps_modbases_5mc_cg_sup_prom_pass.bam', 's3://human-pangenomics/working/HPRC/HG02965/raw_data/nanopore/guppy_6/04_12_22_R941_HG02965_1_Guppy_6.5.7_450bps_modbases_5mc_cg_sup_prom_pass.bam']",3,65.59,21,map-ont,15,"['s3://human-pangenomics/working/HPRC/HG02965/raw_data/nanopore/guppy_6/04_12_22_R941_HG02965_1_Guppy_6.5.7_450bps_modbases_5mc_cg_sup_prom_pass.bam', 's3://human-pangenomics/working/HPRC/HG02965/raw_data/nanopore/guppy_6/04_12_22_R941_HG02965_2_Guppy_6.5.7_450bps_modbases_5mc_cg_sup_prom_pass.bam', 's3://human-pangenomics/working/HPRC/HG02965/raw_data/nanopore/guppy_6/04_12_22_R941_HG02965_3_Guppy_6.5.7_450bps_modbases_5mc_cg_sup_prom_pass.bam']",3,65.59,"[20.1, 24.55, 20.94]",21,R941,16000,https://raw.githubusercontent.com/mobinasri/flagger/refs/heads/main/misc/alpha_tsv/ONT_R941_Guppy6.3.7/alpha_optimum_trunc_exp_gaussian_w_16000_n_50.ONT_R941_Guppy6.3.7_DEC_2024.v1.1.0.tsv
HG02976,"['s3://human-pangenomics/working/HPRC/HG02976/raw_data/nanopore/guppy_6/04_12_22_R941_HG02976_2_Guppy_6.5.7_450bps_modbases_5mc_cg_sup_prom_pass.bam', 's3://human-pangenomics/working/HPRC/HG02976/raw_data/nanopore/guppy_6/04_12_22_R941_HG02976_3_Guppy_6.5.7_450bps_modbases_5mc_cg_sup_prom_pass.bam', 's3://human-pangenomics/working/HPRC/HG02976/raw_data/nanopore/guppy_6/04_12_22_R941_HG02976_1_Guppy_6.5.7_450bps_modbases_5mc_cg_sup_prom_pass.bam']",3,63.86,21,map-ont,15,"['s3://human-pangenomics/working/HPRC/HG02976/raw_data/nanopore/guppy_6/04_12_22_R941_HG02976_1_Guppy_6.5.7_450bps_modbases_5mc_cg_sup_prom_pass.bam', 's3://human-pangenomics/working/HPRC/HG02976/raw_data/nanopore/guppy_6/04_12_22_R941_HG02976_2_Guppy_6.5.7_450bps_modbases_5mc_cg_sup_prom_pass.bam', 's3://human-pangenomics/working/HPRC/HG02976/raw_data/nanopore/guppy_6/04_12_22_R941_HG02976_3_Guppy_6.5.7_450bps_modbases_5mc_cg_sup_prom_pass.bam']",3,63.86,"[20.37, 21.79, 21.7]",21,R941,16000,https://raw.githubusercontent.com/mobinasri/flagger/refs/heads/main/misc/alpha_tsv/ONT_R941_Guppy6.3.7/alpha_optimum_trunc_exp_gaussian_w_16000_n_50.ONT_R941_Guppy6.3.7_DEC_2024.v1.1.0.tsv
HG02984,"['s3://human-pangenomics/working/HPRC/HG02984/raw_data/nanopore/guppy_6/08_03_21_R941_HG02984_1_Guppy_6.5.7_450bps_modbases_5mc_cg_sup_prom_pass.bam', 's3://human-pangenomics/working/HPRC/HG02984/raw_data/nanopore/guppy_6/08_03_21_R941_HG02984_2_Guppy_6.5.7_450bps_modbases_5mc_cg_sup_prom_pass.bam', 's3://human-pangenomics/working/HPRC/HG02984/raw_data/nanopore/guppy_6/08_03_21_R941_HG02984_3_Guppy_6.5.7_450bps_modbases_5mc_cg_sup_prom_pass.bam']",3,64.7,21,map-ont,15,"['s3://human-pangenomics/working/HPRC/HG02984/raw_data/nanopore/guppy_6/08_03_21_R941_HG02984_1_Guppy_6.5.7_450bps_modbases_5mc_cg_sup_prom_pass.bam', 's3://human-pangenomics/working/HPRC/HG02984/raw_data/nanopore/guppy_6/08_03_21_R941_HG02984_2_Guppy_6.5.7_450bps_modbases_5mc_cg_sup_prom_pass.bam', 's3://human-pangenomics/working/HPRC/HG02984/raw_data/nanopore/guppy_6/08_03_21_R941_HG02984_3_Guppy_6.5.7_450bps_modbases_5mc_cg_sup_prom_pass.bam', 's3://human-pangenomics/working/HPRC/HG02984/raw_data/nanopore/guppy_6/08_03_21_R941_HG02984_4_Guppy_6.5.7_450bps_modbases_5mc_cg_sup_prom_pass.bam']",4,71.35,"[30.86, 23.24, 10.6, 6.65]",16,R941,16000,https://raw.githubusercontent.com/mobinasri/flagger/refs/heads/main/misc/alpha_tsv/ONT_R941_Guppy6.3.7/alpha_optimum_trunc_exp_gaussian_w_16000_n_50.ONT_R941_Guppy6.3.7_DEC_2024.v1.1.0.tsv
HG03017,"['s3://human-pangenomics/working/HPRC/HG03017/raw_data/nanopore/guppy_6/03_01_22_R941_HG03017_2_Guppy_6.5.7_450bps_modbases_5mc_cg_sup_prom_pass.bam', 's3://human-pangenomics/working/HPRC/HG03017/raw_data/nanopore/guppy_6/03_01_22_R941_HG03017_1_Guppy_6.5.7_450bps_modbases_5mc_cg_sup_prom_pass.bam', 's3://human-pangenomics/working/HPRC/HG03017/raw_data/nanopore/guppy_6/03_01_22_R941_HG03017_3_Guppy_6.5.7_450bps_modbases_5mc_cg_sup_prom_pass.bam']",3,77.73,21,map-ont,15,"['s3://human-pangenomics/working/HPRC/HG03017/raw_data/nanopore/guppy_6/03_01_22_R941_HG03017_1_Guppy_6.5.7_450bps_modbases_5mc_cg_sup_prom_pass.bam', 's3://human-pangenomics/working/HPRC/HG03017/raw_data/nanopore/guppy_6/03_01_22_R941_HG03017_2_Guppy_6.5.7_450bps_modbases_5mc_cg_sup_prom_pass.bam', 's3://human-pangenomics/working/HPRC/HG03017/raw_data/nanopore/guppy_6/03_01_22_R941_HG03017_3_Guppy_6.5.7_450bps_modbases_5mc_cg_sup_prom_pass.bam']",3,77.73,"[24.37, 30.05, 23.31]",21,R941,16000,https://raw.githubusercontent.com/mobinasri/flagger/refs/heads/main/misc/alpha_tsv/ONT_R941_Guppy6.3.7/alpha_optimum_trunc_exp_gaussian_w_16000_n_50.ONT_R941_Guppy6.3.7_DEC_2024.v1.1.0.tsv
HG03041,"['s3://human-pangenomics/working/HPRC/HG03041/raw_data/nanopore/guppy_6/02_15_22_R941_HG03041_2_Guppy_6.5.7_450bps_modbases_5mc_cg_sup_prom_pass.bam', 's3://human-pangenomics/working/HPRC/HG03041/raw_data/nanopore/guppy_6/02_15_22_R941_HG03041_1_Guppy_6.5.7_450bps_modbases_5mc_cg_sup_prom_pass.bam', 's3://human-pangenomics/working/HPRC/HG03041/raw_data/nanopore/guppy_6/02_15_22_R941_HG03041_3_Guppy_6.5.7_450bps_modbases_5mc_cg_sup_prom_pass.bam']",3,59.41,21,map-ont,15,"['s3://human-pangenomics/working/HPRC/HG03041/raw_data/nanopore/guppy_6/02_15_22_R941_HG03041_1_Guppy_6.5.7_450bps_modbases_5mc_cg_sup_prom_pass.bam', 's3://human-pangenomics/working/HPRC/HG03041/raw_data/nanopore/guppy_6/02_15_22_R941_HG03041_2_Guppy_6.5.7_450bps_modbases_5mc_cg_sup_prom_pass.bam', 's3://human-pangenomics/working/HPRC/HG03041/raw_data/nanopore/guppy_6/02_15_22_R941_HG03041_3_Guppy_6.5.7_450bps_modbases_5mc_cg_sup_prom_pass.bam']",3,59.41,"[20.27, 21.83, 17.31]",21,R941,16000,https://raw.githubusercontent.com/mobinasri/flagger/refs/heads/main/misc/alpha_tsv/ONT_R941_Guppy6.3.7/alpha_optimum_trunc_exp_gaussian_w_16000_n_50.ONT_R941_Guppy6.3.7_DEC_2024.v1.1.0.tsv
HG03050,"['s3://human-pangenomics/working/HPRC/HG03050/raw_data/nanopore/guppy_6/02_15_22_R941_HG03050_1_Guppy_6.5.7_450bps_modbases_5mc_cg_sup_prom_pass.bam', 's3://human-pangenomics/working/HPRC/HG03050/raw_data/nanopore/guppy_6/02_15_22_R941_HG03050_3_Guppy_6.5.7_450bps_modbases_5mc_cg_sup_prom_pass.bam', 's3://human-pangenomics/working/HPRC/HG03050/raw_data/nanopore/guppy_6/02_15_22_R941_HG03050_2_Guppy_6.5.7_450bps_modbases_5mc_cg_sup_prom_pass.bam']",3,60.55,21,map-ont,15,"['s3://human-pangenomics/working/HPRC/HG03050/raw_data/nanopore/guppy_6/02_15_22_R941_HG03050_1_Guppy_6.5.7_450bps_modbases_5mc_cg_sup_prom_pass.bam', 's3://human-pangenomics/working/HPRC/HG03050/raw_data/nanopore/guppy_6/02_15_22_R941_HG03050_2_Guppy_6.5.7_450bps_modbases_5mc_cg_sup_prom_pass.bam', 's3://human-pangenomics/working/HPRC/HG03050/raw_data/nanopore/guppy_6/02_15_22_R941_HG03050_3_Guppy_6.5.7_450bps_modbases_5mc_cg_sup_prom_pass.bam']",3,60.55,"[23.24, 15.72, 21.59]",21,R941,16000,https://raw.githubusercontent.com/mobinasri/flagger/refs/heads/main/misc/alpha_tsv/ONT_R941_Guppy6.3.7/alpha_optimum_trunc_exp_gaussian_w_16000_n_50.ONT_R941_Guppy6.3.7_DEC_2024.v1.1.0.tsv
HG03072,"['s3://human-pangenomics/working/HPRC/HG03072/raw_data/nanopore/dorado0.6.0_sup4.3.0_5mCG_5hmCG/10_17_23_R1041_HPRC_HG03072_1_dorado0.6.0_sup4.3.0_5mCG_5hmCG.bam', 's3://human-pangenomics/working/HPRC/HG03072/raw_data/nanopore/dorado0.6.0_sup4.3.0_5mCG_5hmCG/10_17_23_R1041_HPRC_HG03072_3_dorado0.6.0_sup4.3.0_5mCG_5hmCG.bam', 's3://human-pangenomics/working/HPRC/HG03072/raw_data/nanopore/dorado0.6.0_sup4.3.0_5mCG_5hmCG/10_17_23_R1041_HPRC_HG03072_2_dorado0.6.0_sup4.3.0_5mCG_5hmCG.bam']",3,55.27,21,lr:hqae,25,"['s3://human-pangenomics/working/HPRC/HG03072/raw_data/nanopore/dorado0.6.0_sup4.3.0_5mCG_5hmCG/10_17_23_R1041_HPRC_HG03072_3_dorado0.6.0_sup4.3.0_5mCG_5hmCG.bam', 's3://human-pangenomics/working/HPRC/HG03072/raw_data/nanopore/dorado0.6.0_sup4.3.0_5mCG_5hmCG/10_17_23_R1041_HPRC_HG03072_2_dorado0.6.0_sup4.3.0_5mCG_5hmCG.bam', 's3://human-pangenomics/working/HPRC/HG03072/raw_data/nanopore/dorado0.6.0_sup4.3.0_5mCG_5hmCG/10_17_23_R1041_HPRC_HG03072_1_dorado0.6.0_sup4.3.0_5mCG_5hmCG.bam']",3,55.27,"[18.68, 15.15, 21.44]",21,R1041,8000,https://raw.githubusercontent.com/mobinasri/flagger/refs/heads/main/misc/alpha_tsv/ONT_R1041_Dorado/alpha_optimum_trunc_exp_gaussian_w_8000_n_50.ONT_R1041_Dorado_DEC_2024.v1.1.0.tsv
HG03103,"['s3://human-pangenomics/working/HPRC/HG03103/raw_data/nanopore/dorado0.6.0_sup4.3.0_5mCG_5hmCG/10_10_23_R1041_HPRC_HG03103_3_dorado0.6.0_sup4.3.0_5mCG_5hmCG.bam', 's3://human-pangenomics/working/HPRC/HG03103/raw_data/nanopore/dorado0.6.0_sup4.3.0_5mCG_5hmCG/10_10_23_R1041_HPRC_HG03103_2_dorado0.6.0_sup4.3.0_5mCG_5hmCG.bam', 's3://human-pangenomics/working/HPRC/HG03103/raw_data/nanopore/dorado0.6.0_sup4.3.0_5mCG_5hmCG/10_10_23_R1041_HPRC_HG03103_1_dorado0.6.0_sup4.3.0_5mCG_5hmCG.bam']",3,49.14,21,lr:hqae,25,"['s3://human-pangenomics/working/HPRC/HG03103/raw_data/nanopore/dorado0.6.0_sup4.3.0_5mCG_5hmCG/10_10_23_R1041_HPRC_HG03103_3_dorado0.6.0_sup4.3.0_5mCG_5hmCG.bam', 's3://human-pangenomics/working/HPRC/HG03103/raw_data/nanopore/dorado0.6.0_sup4.3.0_5mCG_5hmCG/10_10_23_R1041_HPRC_HG03103_2_dorado0.6.0_sup4.3.0_5mCG_5hmCG.bam', 's3://human-pangenomics/working/HPRC/HG03103/raw_data/nanopore/dorado0.6.0_sup4.3.0_5mCG_5hmCG/10_10_23_R1041_HPRC_HG03103_1_dorado0.6.0_sup4.3.0_5mCG_5hmCG.bam']",3,49.14,"[16.99, 16.75, 15.4]",21,R1041,8000,https://raw.githubusercontent.com/mobinasri/flagger/refs/heads/main/misc/alpha_tsv/ONT_R1041_Dorado/alpha_optimum_trunc_exp_gaussian_w_8000_n_50.ONT_R1041_Dorado_DEC_2024.v1.1.0.tsv
HG03108,"['s3://human-pangenomics/working/HPRC/HG03108/raw_data/nanopore/dorado0.6.0_sup4.3.0_5mCG_5hmCG/09_06_23_R1041_HPRC_HG03108_1_dorado0.6.0_sup4.3.0_5mCG_5hmCG.bam', 's3://human-pangenomics/working/HPRC/HG03108/raw_data/nanopore/dorado0.6.0_sup4.3.0_5mCG_5hmCG/09_06_23_R1041_HPRC_HG03108_3_dorado0.6.0_sup4.3.0_5mCG_5hmCG.bam', 's3://human-pangenomics/working/HPRC/HG03108/raw_data/nanopore/dorado0.6.0_sup4.3.0_5mCG_5hmCG/09_06_23_R1041_HPRC_HG03108_2_dorado0.6.0_sup4.3.0_5mCG_5hmCG.bam']",3,60.91,21,lr:hqae,25,"['s3://human-pangenomics/working/HPRC/HG03108/raw_data/nanopore/dorado0.6.0_sup4.3.0_5mCG_5hmCG/09_06_23_R1041_HPRC_HG03108_3_dorado0.6.0_sup4.3.0_5mCG_5hmCG.bam', 's3://human-pangenomics/working/HPRC/HG03108/raw_data/nanopore/dorado0.6.0_sup4.3.0_5mCG_5hmCG/09_06_23_R1041_HPRC_HG03108_2_dorado0.6.0_sup4.3.0_5mCG_5hmCG.bam', 's3://human-pangenomics/working/HPRC/HG03108/raw_data/nanopore/dorado0.6.0_sup4.3.0_5mCG_5hmCG/09_06_23_R1041_HPRC_HG03108_1_dorado0.6.0_sup4.3.0_5mCG_5hmCG.bam']",3,60.91,"[20.67, 19.48, 20.76]",21,R1041,8000,https://raw.githubusercontent.com/mobinasri/flagger/refs/heads/main/misc/alpha_tsv/ONT_R1041_Dorado/alpha_optimum_trunc_exp_gaussian_w_8000_n_50.ONT_R1041_Dorado_DEC_2024.v1.1.0.tsv
HG03130,"['s3://human-pangenomics/working/HPRC/HG03130/raw_data/nanopore/guppy_6/05_17_22_R941_HG03130_3_Guppy_6.5.7_450bps_modbases_5mc_cg_sup_prom_pass.bam', 's3://human-pangenomics/working/HPRC/HG03130/raw_data/nanopore/guppy_6/05_17_22_R941_HG03130_1_Guppy_6.5.7_450bps_modbases_5mc_cg_sup_prom_pass.bam', 's3://human-pangenomics/working/HPRC/HG03130/raw_data/nanopore/guppy_6/05_17_22_R941_HG03130_2_Guppy_6.5.7_450bps_modbases_5mc_cg_sup_prom_pass.bam']",3,58.86,21,map-ont,15,"['s3://human-pangenomics/working/HPRC/HG03130/raw_data/nanopore/guppy_6/05_17_22_R941_HG03130_1_Guppy_6.5.7_450bps_modbases_5mc_cg_sup_prom_pass.bam', 's3://human-pangenomics/working/HPRC/HG03130/raw_data/nanopore/guppy_6/05_17_22_R941_HG03130_2_Guppy_6.5.7_450bps_modbases_5mc_cg_sup_prom_pass.bam', 's3://human-pangenomics/working/HPRC/HG03130/raw_data/nanopore/guppy_6/05_17_22_R941_HG03130_3_Guppy_6.5.7_450bps_modbases_5mc_cg_sup_prom_pass.bam']",3,58.86,"[19.62, 16.12, 23.12]",21,R941,16000,https://raw.githubusercontent.com/mobinasri/flagger/refs/heads/main/misc/alpha_tsv/ONT_R941_Guppy6.3.7/alpha_optimum_trunc_exp_gaussian_w_16000_n_50.ONT_R941_Guppy6.3.7_DEC_2024.v1.1.0.tsv
HG03136,"['s3://human-pangenomics/working/HPRC/HG03136/raw_data/nanopore/dorado0.6.0_sup4.3.0_5mCG_5hmCG/10_31_23_R1041_HPRC_HG03136_1_dorado0.6.0_sup4.3.0_5mCG_5hmCG.bam', 's3://human-pangenomics/working/HPRC/HG03136/raw_data/nanopore/dorado0.6.0_sup4.3.0_5mCG_5hmCG/10_31_23_R1041_HPRC_HG03136_3_dorado0.6.0_sup4.3.0_5mCG_5hmCG.bam', 's3://human-pangenomics/working/HPRC/HG03136/raw_data/nanopore/dorado0.6.0_sup4.3.0_5mCG_5hmCG/10_31_23_R1041_HPRC_HG03136_2_dorado0.6.0_sup4.3.0_5mCG_5hmCG.bam']",3,68.54,21,lr:hqae,25,"['s3://human-pangenomics/working/HPRC/HG03136/raw_data/nanopore/dorado0.6.0_sup4.3.0_5mCG_5hmCG/10_31_23_R1041_HPRC_HG03136_1_dorado0.6.0_sup4.3.0_5mCG_5hmCG.bam', 's3://human-pangenomics/working/HPRC/HG03136/raw_data/nanopore/dorado0.6.0_sup4.3.0_5mCG_5hmCG/10_31_23_R1041_HPRC_HG03136_3_dorado0.6.0_sup4.3.0_5mCG_5hmCG.bam', 's3://human-pangenomics/working/HPRC/HG03136/raw_data/nanopore/dorado0.6.0_sup4.3.0_5mCG_5hmCG/10_31_23_R1041_HPRC_HG03136_2_dorado0.6.0_sup4.3.0_5mCG_5hmCG.bam']",3,68.54,"[25.55, 21.79, 21.2]",21,R1041,8000,https://raw.githubusercontent.com/mobinasri/flagger/refs/heads/main/misc/alpha_tsv/ONT_R1041_Dorado/alpha_optimum_trunc_exp_gaussian_w_8000_n_50.ONT_R1041_Dorado_DEC_2024.v1.1.0.tsv
HG03139,"['s3://human-pangenomics/working/HPRC/HG03139/raw_data/nanopore/guppy_6/05_17_22_R941_HG03139_2_Guppy_6.5.7_450bps_modbases_5mc_cg_sup_prom_pass.bam', 's3://human-pangenomics/working/HPRC/HG03139/raw_data/nanopore/guppy_6/05_17_22_R941_HG03139_1_Guppy_6.5.7_450bps_modbases_5mc_cg_sup_prom_pass.bam', 's3://human-pangenomics/working/HPRC/HG03139/raw_data/nanopore/guppy_6/05_17_22_R941_HG03139_3_Guppy_6.5.7_450bps_modbases_5mc_cg_sup_prom_pass.bam']",3,57.65,21,map-ont,15,"['s3://human-pangenomics/working/HPRC/HG03139/raw_data/nanopore/guppy_6/05_17_22_R941_HG03139_1_Guppy_6.5.7_450bps_modbases_5mc_cg_sup_prom_pass.bam', 's3://human-pangenomics/working/HPRC/HG03139/raw_data/nanopore/guppy_6/05_17_22_R941_HG03139_2_Guppy_6.5.7_450bps_modbases_5mc_cg_sup_prom_pass.bam', 's3://human-pangenomics/working/HPRC/HG03139/raw_data/nanopore/guppy_6/05_17_22_R941_HG03139_3_Guppy_6.5.7_450bps_modbases_5mc_cg_sup_prom_pass.bam']",3,57.65,"[18.61, 20.48, 18.56]",21,R941,16000,https://raw.githubusercontent.com/mobinasri/flagger/refs/heads/main/misc/alpha_tsv/ONT_R941_Guppy6.3.7/alpha_optimum_trunc_exp_gaussian_w_16000_n_50.ONT_R941_Guppy6.3.7_DEC_2024.v1.1.0.tsv
HG03195,"['s3://human-pangenomics/working/HPRC/HG03195/raw_data/nanopore/guppy_6/04_12_22_R941_HG03195_3_Guppy_6.5.7_450bps_modbases_5mc_cg_sup_prom_pass.bam', 's3://human-pangenomics/working/HPRC/HG03195/raw_data/nanopore/guppy_6/04_12_22_R941_HG03195_4_Guppy_6.5.7_450bps_modbases_5mc_cg_sup_prom_pass.bam', 's3://human-pangenomics/working/HPRC/HG03195/raw_data/nanopore/guppy_6/04_12_22_R941_HG03195_2_Guppy_6.5.7_450bps_modbases_5mc_cg_sup_prom_pass.bam', 's3://human-pangenomics/working/HPRC/HG03195/raw_data/nanopore/guppy_6/04_12_22_R941_HG03195_1_Guppy_6.5.7_450bps_modbases_5mc_cg_sup_prom_pass.bam']",4,47.55,16,map-ont,15,"['s3://human-pangenomics/working/HPRC/HG03195/raw_data/nanopore/guppy_6/04_12_22_R941_HG03195_1_Guppy_6.5.7_450bps_modbases_5mc_cg_sup_prom_pass.bam', 's3://human-pangenomics/working/HPRC/HG03195/raw_data/nanopore/guppy_6/04_12_22_R941_HG03195_2_Guppy_6.5.7_450bps_modbases_5mc_cg_sup_prom_pass.bam', 's3://human-pangenomics/working/HPRC/HG03195/raw_data/nanopore/guppy_6/04_12_22_R941_HG03195_3_Guppy_6.5.7_450bps_modbases_5mc_cg_sup_prom_pass.bam', 's3://human-pangenomics/working/HPRC/HG03195/raw_data/nanopore/guppy_6/04_12_22_R941_HG03195_4_Guppy_6.5.7_450bps_modbases_5mc_cg_sup_prom_pass.bam']",4,47.55,"[7.34, 9.83, 20.17, 10.21]",16,R941,16000,https://raw.githubusercontent.com/mobinasri/flagger/refs/heads/main/misc/alpha_tsv/ONT_R941_Guppy6.3.7/alpha_optimum_trunc_exp_gaussian_w_16000_n_50.ONT_R941_Guppy6.3.7_DEC_2024.v1.1.0.tsv
HG03209,"['s3://human-pangenomics/working/HPRC/HG03209/raw_data/nanopore/guppy_6/05_17_22_R941_HG03209_1_Guppy_6.5.7_450bps_modbases_5mc_cg_sup_prom_pass.bam', 's3://human-pangenomics/working/HPRC/HG03209/raw_data/nanopore/guppy_6/05_17_22_R941_HG03209_3_Guppy_6.5.7_450bps_modbases_5mc_cg_sup_prom_pass.bam', 's3://human-pangenomics/working/HPRC/HG03209/raw_data/nanopore/guppy_6/05_17_22_R941_HG03209_2_Guppy_6.5.7_450bps_modbases_5mc_cg_sup_prom_pass.bam']",3,70.94,21,map-ont,15,"['s3://human-pangenomics/working/HPRC/HG03209/raw_data/nanopore/guppy_6/05_17_22_R941_HG03209_1_Guppy_6.5.7_450bps_modbases_5mc_cg_sup_prom_pass.bam', 's3://human-pangenomics/working/HPRC/HG03209/raw_data/nanopore/guppy_6/05_17_22_R941_HG03209_2_Guppy_6.5.7_450bps_modbases_5mc_cg_sup_prom_pass.bam', 's3://human-pangenomics/working/HPRC/HG03209/raw_data/nanopore/guppy_6/05_17_22_R941_HG03209_3_Guppy_6.5.7_450bps_modbases_5mc_cg_sup_prom_pass.bam']",3,70.94,"[30.66, 12.31, 27.97]",21,R941,16000,https://raw.githubusercontent.com/mobinasri/flagger/refs/heads/main/misc/alpha_tsv/ONT_R941_Guppy6.3.7/alpha_optimum_trunc_exp_gaussian_w_16000_n_50.ONT_R941_Guppy6.3.7_DEC_2024.v1.1.0.tsv
HG03225,"['s3://human-pangenomics/working/HPRC/HG03225/raw_data/nanopore/guppy_6/04_12_22_R941_HG03225_2_Guppy_6.5.7_450bps_modbases_5mc_cg_sup_prom_pass.bam', 's3://human-pangenomics/working/HPRC/HG03225/raw_data/nanopore/guppy_6/04_12_22_R941_HG03225_1_Guppy_6.5.7_450bps_modbases_5mc_cg_sup_prom_pass.bam', 's3://human-pangenomics/working/HPRC/HG03225/raw_data/nanopore/guppy_6/04_12_22_R941_HG03225_3_Guppy_6.5.7_450bps_modbases_5mc_cg_sup_prom_pass.bam']",3,65.05,21,map-ont,15,"['s3://human-pangenomics/working/HPRC/HG03225/raw_data/nanopore/guppy_6/04_12_22_R941_HG03225_1_Guppy_6.5.7_450bps_modbases_5mc_cg_sup_prom_pass.bam', 's3://human-pangenomics/working/HPRC/HG03225/raw_data/nanopore/guppy_6/04_12_22_R941_HG03225_2_Guppy_6.5.7_450bps_modbases_5mc_cg_sup_prom_pass.bam', 's3://human-pangenomics/working/HPRC/HG03225/raw_data/nanopore/guppy_6/04_12_22_R941_HG03225_3_Guppy_6.5.7_450bps_modbases_5mc_cg_sup_prom_pass.bam']",3,65.05,"[22.12, 23.85, 19.08]",21,R941,16000,https://raw.githubusercontent.com/mobinasri/flagger/refs/heads/main/misc/alpha_tsv/ONT_R941_Guppy6.3.7/alpha_optimum_trunc_exp_gaussian_w_16000_n_50.ONT_R941_Guppy6.3.7_DEC_2024.v1.1.0.tsv
HG03239,"['s3://human-pangenomics/working/HPRC/HG03239/raw_data/nanopore/guppy_6/02_15_22_R941_HG03239_2_Guppy_6.5.7_450bps_modbases_5mc_cg_sup_prom_pass.bam', 's3://human-pangenomics/working/HPRC/HG03239/raw_data/nanopore/guppy_6/02_15_22_R941_HG03239_1_Guppy_6.5.7_450bps_modbases_5mc_cg_sup_prom_pass.bam', 's3://human-pangenomics/working/HPRC/HG03239/raw_data/nanopore/guppy_6/02_15_22_R941_HG03239_3_Guppy_6.5.7_450bps_modbases_5mc_cg_sup_prom_pass.bam']",3,64.02,21,map-ont,15,"['s3://human-pangenomics/working/HPRC/HG03239/raw_data/nanopore/guppy_6/02_15_22_R941_HG03239_1_Guppy_6.5.7_450bps_modbases_5mc_cg_sup_prom_pass.bam', 's3://human-pangenomics/working/HPRC/HG03239/raw_data/nanopore/guppy_6/02_15_22_R941_HG03239_2_Guppy_6.5.7_450bps_modbases_5mc_cg_sup_prom_pass.bam', 's3://human-pangenomics/working/HPRC/HG03239/raw_data/nanopore/guppy_6/02_15_22_R941_HG03239_3_Guppy_6.5.7_450bps_modbases_5mc_cg_sup_prom_pass.bam']",3,64.02,"[22.54, 23.69, 17.79]",21,R941,16000,https://raw.githubusercontent.com/mobinasri/flagger/refs/heads/main/misc/alpha_tsv/ONT_R941_Guppy6.3.7/alpha_optimum_trunc_exp_gaussian_w_16000_n_50.ONT_R941_Guppy6.3.7_DEC_2024.v1.1.0.tsv
HG03270,"['s3://human-pangenomics/working/HPRC/HG03270/raw_data/nanopore/dorado0.6.0_sup4.3.0_5mCG_5hmCG/10_24_23_R1041_HPRC_HG03270_3_dorado0.6.0_sup4.3.0_5mCG_5hmCG.bam', 's3://human-pangenomics/working/HPRC/HG03270/raw_data/nanopore/dorado0.6.0_sup4.3.0_5mCG_5hmCG/10_24_23_R1041_HPRC_HG03270_2_dorado0.6.0_sup4.3.0_5mCG_5hmCG.bam', 's3://human-pangenomics/working/HPRC/HG03270/raw_data/nanopore/dorado0.6.0_sup4.3.0_5mCG_5hmCG/10_24_23_R1041_HPRC_HG03270_1_dorado0.6.0_sup4.3.0_5mCG_5hmCG.bam']",3,66.79,21,lr:hqae,25,"['s3://human-pangenomics/working/HPRC/HG03270/raw_data/nanopore/dorado0.6.0_sup4.3.0_5mCG_5hmCG/10_24_23_R1041_HPRC_HG03270_4_dorado0.6.0_sup4.3.0_5mCG_5hmCG.bam', 's3://human-pangenomics/working/HPRC/HG03270/raw_data/nanopore/dorado0.6.0_sup4.3.0_5mCG_5hmCG/10_24_23_R1041_HPRC_HG03270_1_dorado0.6.0_sup4.3.0_5mCG_5hmCG.bam', 's3://human-pangenomics/working/HPRC/HG03270/raw_data/nanopore/dorado0.6.0_sup4.3.0_5mCG_5hmCG/10_24_23_R1041_HPRC_HG03270_3_dorado0.6.0_sup4.3.0_5mCG_5hmCG.bam', 's3://human-pangenomics/working/HPRC/HG03270/raw_data/nanopore/dorado0.6.0_sup4.3.0_5mCG_5hmCG/10_24_23_R1041_HPRC_HG03270_2_dorado0.6.0_sup4.3.0_5mCG_5hmCG.bam']",4,73.81,"[7.02, 19.8, 24.63, 22.36]",16,R1041,8000,https://raw.githubusercontent.com/mobinasri/flagger/refs/heads/main/misc/alpha_tsv/ONT_R1041_Dorado/alpha_optimum_trunc_exp_gaussian_w_8000_n_50.ONT_R1041_Dorado_DEC_2024.v1.1.0.tsv
HG03343,"['s3://human-pangenomics/working/HPRC/HG03343/raw_data/nanopore/dorado0.6.0_sup4.3.0_5mCG_5hmCG/08_08_23_R1041_HPRC_HG03343_3_dorado0.6.0_sup4.3.0_5mCG_5hmCG.bam', 's3://human-pangenomics/working/HPRC/HG03343/raw_data/nanopore/dorado0.6.0_sup4.3.0_5mCG_5hmCG/08_08_23_R1041_HPRC_HG03343_1_dorado0.6.0_sup4.3.0_5mCG_5hmCG.bam', 's3://human-pangenomics/working/HPRC/HG03343/raw_data/nanopore/dorado0.6.0_sup4.3.0_5mCG_5hmCG/08_08_23_R1041_HPRC_HG03343_2_dorado0.6.0_sup4.3.0_5mCG_5hmCG.bam']",3,68.15,21,lr:hqae,25,"['s3://human-pangenomics/working/HPRC/HG03343/raw_data/nanopore/dorado0.6.0_sup4.3.0_5mCG_5hmCG/08_08_23_R1041_HPRC_HG03343_1_dorado0.6.0_sup4.3.0_5mCG_5hmCG.bam', 's3://human-pangenomics/working/HPRC/HG03343/raw_data/nanopore/dorado0.6.0_sup4.3.0_5mCG_5hmCG/08_08_23_R1041_HPRC_HG03343_3_dorado0.6.0_sup4.3.0_5mCG_5hmCG.bam', 's3://human-pangenomics/working/HPRC/HG03343/raw_data/nanopore/dorado0.6.0_sup4.3.0_5mCG_5hmCG/08_08_23_R1041_HPRC_HG03343_2_dorado0.6.0_sup4.3.0_5mCG_5hmCG.bam']",3,68.15,"[23.38, 25.68, 19.09]",21,R1041,8000,https://raw.githubusercontent.com/mobinasri/flagger/refs/heads/main/misc/alpha_tsv/ONT_R1041_Dorado/alpha_optimum_trunc_exp_gaussian_w_8000_n_50.ONT_R1041_Dorado_DEC_2024.v1.1.0.tsv
HG03369,"['s3://human-pangenomics/working/HPRC/HG03369/raw_data/nanopore/dorado0.6.0_sup4.3.0_5mCG_5hmCG/10_10_23_R1041_HPRC_HG03369_2_dorado0.6.0_sup4.3.0_5mCG_5hmCG.bam', 's3://human-pangenomics/working/HPRC/HG03369/raw_data/nanopore/dorado0.6.0_sup4.3.0_5mCG_5hmCG/10_10_23_R1041_HPRC_HG03369_3_dorado0.6.0_sup4.3.0_5mCG_5hmCG.bam', 's3://human-pangenomics/working/HPRC/HG03369/raw_data/nanopore/dorado0.6.0_sup4.3.0_5mCG_5hmCG/10_10_23_R1041_HPRC_HG03369_1_dorado0.6.0_sup4.3.0_5mCG_5hmCG.bam']",3,57.17,21,lr:hqae,25,"['s3://human-pangenomics/working/HPRC/HG03369/raw_data/nanopore/dorado0.6.0_sup4.3.0_5mCG_5hmCG/10_10_23_R1041_HPRC_HG03369_3_dorado0.6.0_sup4.3.0_5mCG_5hmCG.bam', 's3://human-pangenomics/working/HPRC/HG03369/raw_data/nanopore/dorado0.6.0_sup4.3.0_5mCG_5hmCG/10_10_23_R1041_HPRC_HG03369_2_dorado0.6.0_sup4.3.0_5mCG_5hmCG.bam', 's3://human-pangenomics/working/HPRC/HG03369/raw_data/nanopore/dorado0.6.0_sup4.3.0_5mCG_5hmCG/10_10_23_R1041_HPRC_HG03369_1_dorado0.6.0_sup4.3.0_5mCG_5hmCG.bam']",3,57.17,"[18.39, 20.51, 18.27]",21,R1041,8000,https://raw.githubusercontent.com/mobinasri/flagger/refs/heads/main/misc/alpha_tsv/ONT_R1041_Dorado/alpha_optimum_trunc_exp_gaussian_w_8000_n_50.ONT_R1041_Dorado_DEC_2024.v1.1.0.tsv
HG03372,"['s3://human-pangenomics/working/HPRC/HG03372/raw_data/nanopore/dorado0.6.0_sup4.3.0_5mCG_5hmCG/09_06_23_R1041_HPRC_HG03372_3_dorado0.6.0_sup4.3.0_5mCG_5hmCG.bam', 's3://human-pangenomics/working/HPRC/HG03372/raw_data/nanopore/dorado0.6.0_sup4.3.0_5mCG_5hmCG/09_06_23_R1041_HPRC_HG03372_2_dorado0.6.0_sup4.3.0_5mCG_5hmCG.bam', 's3://human-pangenomics/working/HPRC/HG03372/raw_data/nanopore/dorado0.6.0_sup4.3.0_5mCG_5hmCG/09_06_23_R1041_HPRC_HG03372_1_dorado0.6.0_sup4.3.0_5mCG_5hmCG.bam']",3,9.2,21,lr:hqae,25,"['s3://human-pangenomics/working/HPRC/HG03372/raw_data/nanopore/dorado0.6.0_sup4.3.0_5mCG_5hmCG/09_06_23_R1041_HPRC_HG03372_1_dorado0.6.0_sup4.3.0_5mCG_5hmCG.bam', 's3://human-pangenomics/working/HPRC/HG03372/raw_data/nanopore/dorado0.6.0_sup4.3.0_5mCG_5hmCG/09_06_23_R1041_HPRC_HG03372_2_dorado0.6.0_sup4.3.0_5mCG_5hmCG.bam', 's3://human-pangenomics/working/HPRC/HG03372/raw_data/nanopore/dorado0.6.0_sup4.3.0_5mCG_5hmCG/09_06_23_R1041_HPRC_HG03372_3_dorado0.6.0_sup4.3.0_5mCG_5hmCG.bam']",3,9.2,"[2.73, 2.81, 3.66]",21,R1041,8000,https://raw.githubusercontent.com/mobinasri/flagger/refs/heads/main/misc/alpha_tsv/ONT_R1041_Dorado/alpha_optimum_trunc_exp_gaussian_w_8000_n_50.ONT_R1041_Dorado_DEC_2024.v1.1.0.tsv
HG03388,"['s3://human-pangenomics/working/HPRC/HG03388/raw_data/nanopore/dorado0.6.0_sup4.3.0_5mCG_5hmCG/08_29_23_R1041_HPRC_HG03388_1_dorado0.6.0_sup4.3.0_5mCG_5hmCG.bam', 's3://human-pangenomics/working/HPRC/HG03388/raw_data/nanopore/dorado0.6.0_sup4.3.0_5mCG_5hmCG/08_29_23_R1041_HPRC_HG03388_2_dorado0.6.0_sup4.3.0_5mCG_5hmCG.bam', 's3://human-pangenomics/working/HPRC/HG03388/raw_data/nanopore/dorado0.6.0_sup4.3.0_5mCG_5hmCG/08_29_23_R1041_HPRC_HG03388_3_dorado0.6.0_sup4.3.0_5mCG_5hmCG.bam']",3,50.54,21,lr:hqae,25,"['s3://human-pangenomics/working/HPRC/HG03388/raw_data/nanopore/dorado0.6.0_sup4.3.0_5mCG_5hmCG/08_29_23_R1041_HPRC_HG03388_2_dorado0.6.0_sup4.3.0_5mCG_5hmCG.bam', 's3://human-pangenomics/working/HPRC/HG03388/raw_data/nanopore/dorado0.6.0_sup4.3.0_5mCG_5hmCG/08_29_23_R1041_HPRC_HG03388_3_dorado0.6.0_sup4.3.0_5mCG_5hmCG.bam', 's3://human-pangenomics/working/HPRC/HG03388/raw_data/nanopore/dorado0.6.0_sup4.3.0_5mCG_5hmCG/08_29_23_R1041_HPRC_HG03388_1_dorado0.6.0_sup4.3.0_5mCG_5hmCG.bam']",3,50.54,"[16.34, 15.95, 18.25]",21,R1041,8000,https://raw.githubusercontent.com/mobinasri/flagger/refs/heads/main/misc/alpha_tsv/ONT_R1041_Dorado/alpha_optimum_trunc_exp_gaussian_w_8000_n_50.ONT_R1041_Dorado_DEC_2024.v1.1.0.tsv
HG03445,"['s3://human-pangenomics/working/HPRC/HG03445/raw_data/nanopore/dorado0.6.0_sup4.3.0_5mCG_5hmCG/10_17_23_R1041_HPRC_HG03445_1_dorado0.6.0_sup4.3.0_5mCG_5hmCG.bam', 's3://human-pangenomics/working/HPRC/HG03445/raw_data/nanopore/dorado0.6.0_sup4.3.0_5mCG_5hmCG/01_23_24_R1041_HPRC_HG03445_1_dorado0.6.0_sup4.3.0_5mCG_5hmCG.bam', 's3://human-pangenomics/working/HPRC/HG03445/raw_data/nanopore/dorado0.6.0_sup4.3.0_5mCG_5hmCG/10_17_23_R1041_HPRC_HG03445_2_dorado0.6.0_sup4.3.0_5mCG_5hmCG.bam', 's3://human-pangenomics/working/HPRC/HG03445/raw_data/nanopore/dorado0.6.0_sup4.3.0_5mCG_5hmCG/10_17_23_R1041_HPRC_HG03445_3_dorado0.6.0_sup4.3.0_5mCG_5hmCG.bam']",4,70.25,16,lr:hqae,25,"['s3://human-pangenomics/working/HPRC/HG03445/raw_data/nanopore/dorado0.6.0_sup4.3.0_5mCG_5hmCG/10_17_23_R1041_HPRC_HG03445_1_dorado0.6.0_sup4.3.0_5mCG_5hmCG.bam', 's3://human-pangenomics/working/HPRC/HG03445/raw_data/nanopore/dorado0.6.0_sup4.3.0_5mCG_5hmCG/10_17_23_R1041_HPRC_HG03445_3_dorado0.6.0_sup4.3.0_5mCG_5hmCG.bam', 's3://human-pangenomics/working/HPRC/HG03445/raw_data/nanopore/dorado0.6.0_sup4.3.0_5mCG_5hmCG/01_23_24_R1041_HPRC_HG03445_1_dorado0.6.0_sup4.3.0_5mCG_5hmCG.bam', 's3://human-pangenomics/working/HPRC/HG03445/raw_data/nanopore/dorado0.6.0_sup4.3.0_5mCG_5hmCG/10_17_23_R1041_HPRC_HG03445_2_dorado0.6.0_sup4.3.0_5mCG_5hmCG.bam']",4,70.25,"[20.52, 11.4, 19.94, 18.39]",16,R1041,8000,https://raw.githubusercontent.com/mobinasri/flagger/refs/heads/main/misc/alpha_tsv/ONT_R1041_Dorado/alpha_optimum_trunc_exp_gaussian_w_8000_n_50.ONT_R1041_Dorado_DEC_2024.v1.1.0.tsv
HG03453,"['s3://human-pangenomics/working/HPRC/HG03453/raw_data/nanopore/guppy_6/03_14_23_R941_HG03453_1_Guppy_6.5.7_450bps_modbases_5mc_cg_sup_prom_pass.bam', 's3://human-pangenomics/working/HPRC/HG03453/raw_data/nanopore/guppy_6/03_14_23_R941_HG03453_2_Guppy_6.5.7_450bps_modbases_5mc_cg_sup_prom_pass.bam', 's3://human-pangenomics/working/HPRC/HG03453/raw_data/nanopore/guppy_6/HG03453_3_Guppy_6.5.7_450bps_modbases_5mc_cg_sup_prom_pass.bam', 's3://human-pangenomics/working/HPRC/HG03453/raw_data/nanopore/guppy_6/HG03453_1_Guppy_6.5.7_450bps_modbases_5mc_cg_sup_prom_pass.bam']",4,60.64,16,map-ont,15,"['s3://human-pangenomics/working/HPRC/HG03453/raw_data/nanopore/guppy_6/03_14_23_R941_HG03453_1_Guppy_6.5.7_450bps_modbases_5mc_cg_sup_prom_pass.bam', 's3://human-pangenomics/working/HPRC/HG03453/raw_data/nanopore/guppy_6/03_14_23_R941_HG03453_2_Guppy_6.5.7_450bps_modbases_5mc_cg_sup_prom_pass.bam', 's3://human-pangenomics/working/HPRC/HG03453/raw_data/nanopore/guppy_6/HG03453_1_Guppy_6.5.7_450bps_modbases_5mc_cg_sup_prom_pass.bam', 's3://human-pangenomics/working/HPRC/HG03453/raw_data/nanopore/guppy_6/HG03453_3_Guppy_6.5.7_450bps_modbases_5mc_cg_sup_prom_pass.bam', 's3://human-pangenomics/working/HPRC/HG03453/raw_data/nanopore/guppy_6/HG03453_5_Guppy_6.5.7_450bps_modbases_5mc_cg_sup_prom_pass.bam']",5,61.51,"[30.59, 22.17, 3.24, 4.64, 0.87]",12,R941,16000,https://raw.githubusercontent.com/mobinasri/flagger/refs/heads/main/misc/alpha_tsv/ONT_R941_Guppy6.3.7/alpha_optimum_trunc_exp_gaussian_w_16000_n_50.ONT_R941_Guppy6.3.7_DEC_2024.v1.1.0.tsv
HG03457,"['s3://human-pangenomics/working/HPRC/HG03457/raw_data/nanopore/dorado0.6.0_sup4.3.0_5mCG_5hmCG/09_12_23_R1041_HPRC_HG03457_3_dorado0.6.0_sup4.3.0_5mCG_5hmCG.bam', 's3://human-pangenomics/working/HPRC/HG03457/raw_data/nanopore/dorado0.6.0_sup4.3.0_5mCG_5hmCG/09_12_23_R1041_HPRC_HG03457_1_dorado0.6.0_sup4.3.0_5mCG_5hmCG.bam']",2,60.76,32,lr:hqae,25,"['s3://human-pangenomics/working/HPRC/HG03457/raw_data/nanopore/dorado0.6.0_sup4.3.0_5mCG_5hmCG/09_12_23_R1041_HPRC_HG03457_1_dorado0.6.0_sup4.3.0_5mCG_5hmCG.bam', 's3://human-pangenomics/working/HPRC/HG03457/raw_data/nanopore/dorado0.6.0_sup4.3.0_5mCG_5hmCG/09_12_23_R1041_HPRC_HG03457_3_dorado0.6.0_sup4.3.0_5mCG_5hmCG.bam', 's3://human-pangenomics/working/HPRC/HG03457/raw_data/nanopore/dorado0.6.0_sup4.3.0_5mCG_5hmCG/09_12_23_R1041_HPRC_HG03457_2_dorado0.6.0_sup4.3.0_5mCG_5hmCG.bam']",3,88.89,"[28.74, 32.02, 28.13]",21,R1041,8000,https://raw.githubusercontent.com/mobinasri/flagger/refs/heads/main/misc/alpha_tsv/ONT_R1041_Dorado/alpha_optimum_trunc_exp_gaussian_w_8000_n_50.ONT_R1041_Dorado_DEC_2024.v1.1.0.tsv
HG03458,"['s3://human-pangenomics/working/HPRC/HG03458/raw_data/nanopore/guppy_6/05_24_22_R941_HG03458_2_Guppy_6.5.7_450bps_modbases_5mc_cg_sup_prom_pass.bam', 's3://human-pangenomics/working/HPRC/HG03458/raw_data/nanopore/guppy_6/05_24_22_R941_HG03458_3_Guppy_6.5.7_450bps_modbases_5mc_cg_sup_prom_pass.bam', 's3://human-pangenomics/working/HPRC/HG03458/raw_data/nanopore/guppy_6/05_24_22_R941_HG03458_1_Guppy_6.5.7_450bps_modbases_5mc_cg_sup_prom_pass.bam']",3,68.27,21,map-ont,15,"['s3://human-pangenomics/working/HPRC/HG03458/raw_data/nanopore/guppy_6/05_24_22_R941_HG03458_1_Guppy_6.5.7_450bps_modbases_5mc_cg_sup_prom_pass.bam', 's3://human-pangenomics/working/HPRC/HG03458/raw_data/nanopore/guppy_6/05_24_22_R941_HG03458_2_Guppy_6.5.7_450bps_modbases_5mc_cg_sup_prom_pass.bam', 's3://human-pangenomics/working/HPRC/HG03458/raw_data/nanopore/guppy_6/05_24_22_R941_HG03458_3_Guppy_6.5.7_450bps_modbases_5mc_cg_sup_prom_pass.bam']",3,68.27,"[20.2, 24.19, 23.88]",21,R941,16000,https://raw.githubusercontent.com/mobinasri/flagger/refs/heads/main/misc/alpha_tsv/ONT_R941_Guppy6.3.7/alpha_optimum_trunc_exp_gaussian_w_16000_n_50.ONT_R941_Guppy6.3.7_DEC_2024.v1.1.0.tsv
HG03470,"['s3://human-pangenomics/working/HPRC/HG03470/raw_data/nanopore/guppy_6/05_24_22_R941_HG03470_1_Guppy_6.5.7_450bps_modbases_5mc_cg_sup_prom_pass.bam', 's3://human-pangenomics/working/HPRC/HG03470/raw_data/nanopore/guppy_6/05_24_22_R941_HG03470_3_Guppy_6.5.7_450bps_modbases_5mc_cg_sup_prom_pass.bam', 's3://human-pangenomics/working/HPRC/HG03470/raw_data/nanopore/guppy_6/05_24_22_R941_HG03470_2_Guppy_6.5.7_450bps_modbases_5mc_cg_sup_prom_pass.bam']",3,66.94,21,map-ont,15,"['s3://human-pangenomics/working/HPRC/HG03470/raw_data/nanopore/guppy_6/05_24_22_R941_HG03470_1_Guppy_6.5.7_450bps_modbases_5mc_cg_sup_prom_pass.bam', 's3://human-pangenomics/working/HPRC/HG03470/raw_data/nanopore/guppy_6/05_24_22_R941_HG03470_2_Guppy_6.5.7_450bps_modbases_5mc_cg_sup_prom_pass.bam', 's3://human-pangenomics/working/HPRC/HG03470/raw_data/nanopore/guppy_6/05_24_22_R941_HG03470_3_Guppy_6.5.7_450bps_modbases_5mc_cg_sup_prom_pass.bam']",3,66.94,"[24.24, 20.14, 22.56]",21,R941,16000,https://raw.githubusercontent.com/mobinasri/flagger/refs/heads/main/misc/alpha_tsv/ONT_R941_Guppy6.3.7/alpha_optimum_trunc_exp_gaussian_w_16000_n_50.ONT_R941_Guppy6.3.7_DEC_2024.v1.1.0.tsv
HG03471,"['s3://human-pangenomics/working/HPRC/HG03471/raw_data/nanopore/guppy_6/03_14_23_R941_HG03471_2_Guppy_6.5.7_450bps_modbases_5mc_cg_sup_prom_pass.bam', 's3://human-pangenomics/working/HPRC/HG03471/raw_data/nanopore/guppy_6/03_14_23_R941_HG03471_1_Guppy_6.5.7_450bps_modbases_5mc_cg_sup_prom_pass.bam', 's3://human-pangenomics/working/HPRC/HG03471/raw_data/nanopore/guppy_6/HG03471_1_Guppy_6.5.7_450bps_modbases_5mc_cg_sup_prom_pass.bam', 's3://human-pangenomics/working/HPRC/HG03471/raw_data/nanopore/guppy_6/HG03471_5_Guppy_6.5.7_450bps_modbases_5mc_cg_sup_prom_pass.bam']",4,66.36,16,map-ont,15,"['s3://human-pangenomics/working/HPRC/HG03471/raw_data/nanopore/guppy_6/03_14_23_R941_HG03471_1_Guppy_6.5.7_450bps_modbases_5mc_cg_sup_prom_pass.bam', 's3://human-pangenomics/working/HPRC/HG03471/raw_data/nanopore/guppy_6/03_14_23_R941_HG03471_2_Guppy_6.5.7_450bps_modbases_5mc_cg_sup_prom_pass.bam', 's3://human-pangenomics/working/HPRC/HG03471/raw_data/nanopore/guppy_6/HG03471_1_Guppy_6.5.7_450bps_modbases_5mc_cg_sup_prom_pass.bam', 's3://human-pangenomics/working/HPRC/HG03471/raw_data/nanopore/guppy_6/HG03471_3_Guppy_6.5.7_450bps_modbases_5mc_cg_sup_prom_pass.bam', 's3://human-pangenomics/working/HPRC/HG03471/raw_data/nanopore/guppy_6/HG03471_5_Guppy_6.5.7_450bps_modbases_5mc_cg_sup_prom_pass.bam']",5,73.32,"[23.64, 24.79, 9.01, 6.96, 8.92]",12,R941,16000,https://raw.githubusercontent.com/mobinasri/flagger/refs/heads/main/misc/alpha_tsv/ONT_R941_Guppy6.3.7/alpha_optimum_trunc_exp_gaussian_w_16000_n_50.ONT_R941_Guppy6.3.7_DEC_2024.v1.1.0.tsv
HG03516,"['s3://human-pangenomics/working/HPRC/HG03516/raw_data/nanopore/guppy_6/HG03516_PAM62473_Guppy_6.5.7_450bps_modbases_5mc_cg_sup_prom_pass.bam', 's3://human-pangenomics/working/HPRC/HG03516/raw_data/nanopore/guppy_6/HG03516_PAK15127_Guppy_6.5.7_450bps_modbases_5mc_cg_sup_prom_pass.bam', 's3://human-pangenomics/working/HPRC/HG03516/raw_data/nanopore/guppy_6/HG03516_PAK11491_Guppy_6.5.7_450bps_modbases_5mc_cg_sup_prom_pass.bam', 's3://human-pangenomics/working/HPRC/HG03516/raw_data/nanopore/guppy_6/HG03516_PAK15111_Guppy_6.5.7_450bps_modbases_5mc_cg_sup_prom_pass.bam']",4,65.43,16,map-ont,15,"['s3://human-pangenomics/working/HPRC/HG03516/raw_data/nanopore/guppy_6/HG03516_1_Guppy_6.5.7_450bps_modbases_5mc_cg_sup_prom_pass.bam', 's3://human-pangenomics/working/HPRC/HG03516/raw_data/nanopore/guppy_6/HG03516_3_Guppy_6.5.7_450bps_modbases_5mc_cg_sup_prom_pass.bam', 's3://human-pangenomics/working/HPRC/HG03516/raw_data/nanopore/guppy_6/HG03516_5_Guppy_6.5.7_450bps_modbases_5mc_cg_sup_prom_pass.bam', 's3://human-pangenomics/working/HPRC/HG03516/raw_data/nanopore/guppy_6/HG03516_PAK11017_Guppy_6.5.7_450bps_modbases_5mc_cg_sup_prom_pass.bam', 's3://human-pangenomics/working/HPRC/HG03516/raw_data/nanopore/guppy_6/HG03516_PAK11491_Guppy_6.5.7_450bps_modbases_5mc_cg_sup_prom_pass.bam', 's3://human-pangenomics/working/HPRC/HG03516/raw_data/nanopore/guppy_6/HG03516_PAK15111_Guppy_6.5.7_450bps_modbases_5mc_cg_sup_prom_pass.bam', 's3://human-pangenomics/working/HPRC/HG03516/raw_data/nanopore/guppy_6/HG03516_PAK15127_Guppy_6.5.7_450bps_modbases_5mc_cg_sup_prom_pass.bam', 's3://human-pangenomics/working/HPRC/HG03516/raw_data/nanopore/guppy_6/HG03516_PAK42746_Guppy_6.5.7_450bps_modbases_5mc_cg_sup_prom_pass.bam', 's3://human-pangenomics/working/HPRC/HG03516/raw_data/nanopore/guppy_6/HG03516_PAM62473_Guppy_6.5.7_450bps_modbases_5mc_cg_sup_prom_pass.bam']",9,126.17,"[10.45, 12.86, 13.36, 12.69, 16.85, 13.58, 17.37, 11.38, 17.63]",7,R941,16000,https://raw.githubusercontent.com/mobinasri/flagger/refs/heads/main/misc/alpha_tsv/ONT_R941_Guppy6.3.7/alpha_optimum_trunc_exp_gaussian_w_16000_n_50.ONT_R941_Guppy6.3.7_DEC_2024.v1.1.0.tsv
HG03521,"['s3://human-pangenomics/working/HPRC/HG03521/raw_data/nanopore/dorado0.6.0_sup4.3.0_5mCG_5hmCG/10_24_23_R1041_HPRC_HG03521_3_dorado0.6.0_sup4.3.0_5mCG_5hmCG.bam', 's3://human-pangenomics/working/HPRC/HG03521/raw_data/nanopore/dorado0.6.0_sup4.3.0_5mCG_5hmCG/10_24_23_R1041_HPRC_HG03521_2_dorado0.6.0_sup4.3.0_5mCG_5hmCG.bam']",2,60.98,32,lr:hqae,25,"['s3://human-pangenomics/working/HPRC/HG03521/raw_data/nanopore/dorado0.6.0_sup4.3.0_5mCG_5hmCG/10_24_23_R1041_HPRC_HG03521_3_dorado0.6.0_sup4.3.0_5mCG_5hmCG.bam', 's3://human-pangenomics/working/HPRC/HG03521/raw_data/nanopore/dorado0.6.0_sup4.3.0_5mCG_5hmCG/10_24_23_R1041_HPRC_HG03521_2_dorado0.6.0_sup4.3.0_5mCG_5hmCG.bam', 's3://human-pangenomics/working/HPRC/HG03521/raw_data/nanopore/dorado0.6.0_sup4.3.0_5mCG_5hmCG/10_24_23_R1041_HPRC_HG03521_1_dorado0.6.0_sup4.3.0_5mCG_5hmCG.bam']",3,86.95,"[30.56, 30.42, 25.97]",21,R1041,8000,https://raw.githubusercontent.com/mobinasri/flagger/refs/heads/main/misc/alpha_tsv/ONT_R1041_Dorado/alpha_optimum_trunc_exp_gaussian_w_8000_n_50.ONT_R1041_Dorado_DEC_2024.v1.1.0.tsv
HG03540,"['s3://human-pangenomics/working/HPRC/HG03540/raw_data/nanopore/guppy_6/03_14_23_R941_HG03540_2_Guppy_6.5.7_450bps_modbases_5mc_cg_sup_prom_pass.bam', 's3://human-pangenomics/working/HPRC/HG03540/raw_data/nanopore/guppy_6/03_14_23_R941_HG03540_1_Guppy_6.5.7_450bps_modbases_5mc_cg_sup_prom_pass.bam', 's3://human-pangenomics/working/HPRC/HG03540/raw_data/nanopore/guppy_6/HG03540_3_Guppy_6.5.7_450bps_modbases_5mc_cg_sup_prom_pass.bam', 's3://human-pangenomics/working/HPRC/HG03540/raw_data/nanopore/guppy_6/HG03540_1_Guppy_6.5.7_450bps_modbases_5mc_cg_sup_prom_pass.bam']",4,66.73,16,map-ont,15,"['s3://human-pangenomics/working/HPRC/HG03540/raw_data/nanopore/guppy_6/03_14_23_R941_HG03540_1_Guppy_6.5.7_450bps_modbases_5mc_cg_sup_prom_pass.bam', 's3://human-pangenomics/working/HPRC/HG03540/raw_data/nanopore/guppy_6/03_14_23_R941_HG03540_2_Guppy_6.5.7_450bps_modbases_5mc_cg_sup_prom_pass.bam', 's3://human-pangenomics/working/HPRC/HG03540/raw_data/nanopore/guppy_6/HG03540_1_Guppy_6.5.7_450bps_modbases_5mc_cg_sup_prom_pass.bam', 's3://human-pangenomics/working/HPRC/HG03540/raw_data/nanopore/guppy_6/HG03540_3_Guppy_6.5.7_450bps_modbases_5mc_cg_sup_prom_pass.bam', 's3://human-pangenomics/working/HPRC/HG03540/raw_data/nanopore/guppy_6/HG03540_5_Guppy_6.5.7_450bps_modbases_5mc_cg_sup_prom_pass.bam']",5,69.44,"[19.56, 28.57, 6.77, 11.83, 2.71]",12,R941,16000,https://raw.githubusercontent.com/mobinasri/flagger/refs/heads/main/misc/alpha_tsv/ONT_R941_Guppy6.3.7/alpha_optimum_trunc_exp_gaussian_w_16000_n_50.ONT_R941_Guppy6.3.7_DEC_2024.v1.1.0.tsv
HG03579,"['s3://human-pangenomics/working/HPRC/HG03579/raw_data/nanopore/guppy_6/HG03579_PAK45849_Guppy_6.5.7_450bps_modbases_5mc_cg_sup_prom_pass.bam', 's3://human-pangenomics/working/HPRC/HG03579/raw_data/nanopore/guppy_6/HG03579_PAK45831_Guppy_6.5.7_450bps_modbases_5mc_cg_sup_prom_pass.bam', 's3://human-pangenomics/working/HPRC/HG03579/raw_data/nanopore/guppy_6/HG03579_PAK45398_Guppy_6.5.7_450bps_modbases_5mc_cg_sup_prom_pass.bam', 's3://human-pangenomics/working/HPRC/HG03579/raw_data/nanopore/guppy_6/HG03579_PAM34929_Guppy_6.5.7_450bps_modbases_5mc_cg_sup_prom_pass.bam']",4,61.24,16,map-ont,15,"['s3://human-pangenomics/working/HPRC/HG03579/raw_data/nanopore/guppy_6/HG03579_1_Guppy_6.5.7_450bps_modbases_5mc_cg_sup_prom_pass.bam', 's3://human-pangenomics/working/HPRC/HG03579/raw_data/nanopore/guppy_6/HG03579_3_Guppy_6.5.7_450bps_modbases_5mc_cg_sup_prom_pass.bam', 's3://human-pangenomics/working/HPRC/HG03579/raw_data/nanopore/guppy_6/HG03579_5_Guppy_6.5.7_450bps_modbases_5mc_cg_sup_prom_pass.bam', 's3://human-pangenomics/working/HPRC/HG03579/raw_data/nanopore/guppy_6/HG03579_PAK43785_Guppy_6.5.7_450bps_modbases_5mc_cg_sup_prom_pass.bam', 's3://human-pangenomics/working/HPRC/HG03579/raw_data/nanopore/guppy_6/HG03579_PAK45398_Guppy_6.5.7_450bps_modbases_5mc_cg_sup_prom_pass.bam', 's3://human-pangenomics/working/HPRC/HG03579/raw_data/nanopore/guppy_6/HG03579_PAK45495_Guppy_6.5.7_450bps_modbases_5mc_cg_sup_prom_pass.bam', 's3://human-pangenomics/working/HPRC/HG03579/raw_data/nanopore/guppy_6/HG03579_PAK45831_Guppy_6.5.7_450bps_modbases_5mc_cg_sup_prom_pass.bam', 's3://human-pangenomics/working/HPRC/HG03579/raw_data/nanopore/guppy_6/HG03579_PAK45849_Guppy_6.5.7_450bps_modbases_5mc_cg_sup_prom_pass.bam', 's3://human-pangenomics/working/HPRC/HG03579/raw_data/nanopore/guppy_6/HG03579_PAM34929_Guppy_6.5.7_450bps_modbases_5mc_cg_sup_prom_pass.bam']",9,95.33,"[5.51, 4.3, 2.78, 10.72, 12.87, 10.78, 16.91, 18.73, 12.73]",7,R941,16000,https://raw.githubusercontent.com/mobinasri/flagger/refs/heads/main/misc/alpha_tsv/ONT_R941_Guppy6.3.7/alpha_optimum_trunc_exp_gaussian_w_16000_n_50.ONT_R941_Guppy6.3.7_DEC_2024.v1.1.0.tsv
HG03583,"['s3://human-pangenomics/working/HPRC/HG03583/raw_data/nanopore/dorado0.6.0_sup4.3.0_5mCG_5hmCG/10_31_23_R1041_HPRC_HG03583_1_dorado0.6.0_sup4.3.0_5mCG_5hmCG.bam', 's3://human-pangenomics/working/HPRC/HG03583/raw_data/nanopore/dorado0.6.0_sup4.3.0_5mCG_5hmCG/10_31_23_R1041_HPRC_HG03583_3_dorado0.6.0_sup4.3.0_5mCG_5hmCG.bam', 's3://human-pangenomics/working/HPRC/HG03583/raw_data/nanopore/dorado0.6.0_sup4.3.0_5mCG_5hmCG/10_31_23_R1041_HPRC_HG03583_2_dorado0.6.0_sup4.3.0_5mCG_5hmCG.bam']",3,43.13,21,lr:hqae,25,"['s3://human-pangenomics/working/HPRC/HG03583/raw_data/nanopore/dorado0.6.0_sup4.3.0_5mCG_5hmCG/10_31_23_R1041_HPRC_HG03583_1_dorado0.6.0_sup4.3.0_5mCG_5hmCG.bam', 's3://human-pangenomics/working/HPRC/HG03583/raw_data/nanopore/dorado0.6.0_sup4.3.0_5mCG_5hmCG/10_31_23_R1041_HPRC_HG03583_3_dorado0.6.0_sup4.3.0_5mCG_5hmCG.bam', 's3://human-pangenomics/working/HPRC/HG03583/raw_data/nanopore/dorado0.6.0_sup4.3.0_5mCG_5hmCG/10_31_23_R1041_HPRC_HG03583_2_dorado0.6.0_sup4.3.0_5mCG_5hmCG.bam']",3,43.13,"[15.67, 14.73, 12.73]",21,R1041,8000,https://raw.githubusercontent.com/mobinasri/flagger/refs/heads/main/misc/alpha_tsv/ONT_R1041_Dorado/alpha_optimum_trunc_exp_gaussian_w_8000_n_50.ONT_R1041_Dorado_DEC_2024.v1.1.0.tsv
HG03611,"['s3://human-pangenomics/working/HPRC/HG03611/raw_data/nanopore/dorado0.6.0_sup4.3.0_5mCG_5hmCG/11_7_23_R1041_HPRC_HG03611_2_dorado0.6.0_sup4.3.0_5mCG_5hmCG.bam', 's3://human-pangenomics/working/HPRC/HG03611/raw_data/nanopore/dorado0.6.0_sup4.3.0_5mCG_5hmCG/11_7_23_R1041_HPRC_HG03611_1_dorado0.6.0_sup4.3.0_5mCG_5hmCG.bam', 's3://human-pangenomics/working/HPRC/HG03611/raw_data/nanopore/dorado0.6.0_sup4.3.0_5mCG_5hmCG/11_7_23_R1041_HPRC_HG03611_3_dorado0.6.0_sup4.3.0_5mCG_5hmCG.bam']",3,85.43,21,lr:hqae,25,"['s3://human-pangenomics/working/HPRC/HG03611/raw_data/nanopore/dorado0.6.0_sup4.3.0_5mCG_5hmCG/11_7_23_R1041_HPRC_HG03611_1_dorado0.6.0_sup4.3.0_5mCG_5hmCG.bam', 's3://human-pangenomics/working/HPRC/HG03611/raw_data/nanopore/dorado0.6.0_sup4.3.0_5mCG_5hmCG/11_7_23_R1041_HPRC_HG03611_3_dorado0.6.0_sup4.3.0_5mCG_5hmCG.bam', 's3://human-pangenomics/working/HPRC/HG03611/raw_data/nanopore/dorado0.6.0_sup4.3.0_5mCG_5hmCG/11_7_23_R1041_HPRC_HG03611_2_dorado0.6.0_sup4.3.0_5mCG_5hmCG.bam']",3,85.43,"[28.44, 27.91, 29.08]",21,R1041,8000,https://raw.githubusercontent.com/mobinasri/flagger/refs/heads/main/misc/alpha_tsv/ONT_R1041_Dorado/alpha_optimum_trunc_exp_gaussian_w_8000_n_50.ONT_R1041_Dorado_DEC_2024.v1.1.0.tsv
HG03654,"['s3://human-pangenomics/working/HPRC/HG03654/raw_data/nanopore/guppy_6/07_27_21_R941_HG03654_3_Guppy_6.5.7_450bps_modbases_5mc_cg_sup_prom_pass.bam', 's3://human-pangenomics/working/HPRC/HG03654/raw_data/nanopore/guppy_6/07_27_21_R941_HG03654_2_Guppy_6.5.7_450bps_modbases_5mc_cg_sup_prom_pass.bam', 's3://human-pangenomics/working/HPRC/HG03654/raw_data/nanopore/guppy_6/07_27_21_R941_HG03654_1_Guppy_6.5.7_450bps_modbases_5mc_cg_sup_prom_pass.bam']",3,59.39,21,map-ont,15,"['s3://human-pangenomics/working/HPRC/HG03654/raw_data/nanopore/guppy_6/07_27_21_R941_HG03654_1_Guppy_6.5.7_450bps_modbases_5mc_cg_sup_prom_pass.bam', 's3://human-pangenomics/working/HPRC/HG03654/raw_data/nanopore/guppy_6/07_27_21_R941_HG03654_2_Guppy_6.5.7_450bps_modbases_5mc_cg_sup_prom_pass.bam', 's3://human-pangenomics/working/HPRC/HG03654/raw_data/nanopore/guppy_6/07_27_21_R941_HG03654_3_Guppy_6.5.7_450bps_modbases_5mc_cg_sup_prom_pass.bam']",3,59.39,"[13.95, 22.53, 22.91]",21,R941,16000,https://raw.githubusercontent.com/mobinasri/flagger/refs/heads/main/misc/alpha_tsv/ONT_R941_Guppy6.3.7/alpha_optimum_trunc_exp_gaussian_w_16000_n_50.ONT_R941_Guppy6.3.7_DEC_2024.v1.1.0.tsv
HG03669,"['s3://human-pangenomics/working/HPRC/HG03669/raw_data/nanopore/guppy_6/07_27_21_R941_HG03669_3_Guppy_6.5.7_450bps_modbases_5mc_cg_sup_prom_pass.bam', 's3://human-pangenomics/working/HPRC/HG03669/raw_data/nanopore/guppy_6/07_27_21_R941_HG03669_1_Guppy_6.5.7_450bps_modbases_5mc_cg_sup_prom_pass.bam', 's3://human-pangenomics/working/HPRC/HG03669/raw_data/nanopore/guppy_6/07_27_21_R941_HG03669_4_Guppy_6.5.7_450bps_modbases_5mc_cg_sup_prom_pass.bam', 's3://human-pangenomics/working/HPRC/HG03669/raw_data/nanopore/guppy_6/07_27_21_R941_HG03669_2_Guppy_6.5.7_450bps_modbases_5mc_cg_sup_prom_pass.bam']",4,60.87,16,map-ont,15,"['s3://human-pangenomics/working/HPRC/HG03669/raw_data/nanopore/guppy_6/07_27_21_R941_HG03669_1_Guppy_6.5.7_450bps_modbases_5mc_cg_sup_prom_pass.bam', 's3://human-pangenomics/working/HPRC/HG03669/raw_data/nanopore/guppy_6/07_27_21_R941_HG03669_2_Guppy_6.5.7_450bps_modbases_5mc_cg_sup_prom_pass.bam', 's3://human-pangenomics/working/HPRC/HG03669/raw_data/nanopore/guppy_6/07_27_21_R941_HG03669_3_Guppy_6.5.7_450bps_modbases_5mc_cg_sup_prom_pass.bam', 's3://human-pangenomics/working/HPRC/HG03669/raw_data/nanopore/guppy_6/07_27_21_R941_HG03669_4_Guppy_6.5.7_450bps_modbases_5mc_cg_sup_prom_pass.bam']",4,60.87,"[24.92, 3.34, 25.24, 7.37]",16,R941,16000,https://raw.githubusercontent.com/mobinasri/flagger/refs/heads/main/misc/alpha_tsv/ONT_R941_Guppy6.3.7/alpha_optimum_trunc_exp_gaussian_w_16000_n_50.ONT_R941_Guppy6.3.7_DEC_2024.v1.1.0.tsv
HG03672,"['s3://human-pangenomics/working/HPRC/HG03672/raw_data/nanopore/dorado0.6.0_sup4.3.0_5mCG_5hmCG/01_23_24_R1041_HPRC_HG03672_1_dorado0.6.0_sup4.3.0_5mCG_5hmCG.bam', 's3://human-pangenomics/working/HPRC/HG03672/raw_data/nanopore/dorado0.6.0_sup4.3.0_5mCG_5hmCG/01_23_24_R1041_HPRC_HG03672_2_dorado0.6.0_sup4.3.0_5mCG_5hmCG.bam', 's3://human-pangenomics/working/HPRC/HG03672/raw_data/nanopore/dorado0.6.0_sup4.3.0_5mCG_5hmCG/11_14_23_R1041_HPRC_HG03672_1_dorado0.6.0_sup4.3.0_5mCG_5hmCG.bam']",3,78.9,21,lr:hqae,25,"['s3://human-pangenomics/working/HPRC/HG03672/raw_data/nanopore/dorado0.6.0_sup4.3.0_5mCG_5hmCG/01_23_24_R1041_HPRC_HG03672_1_dorado0.6.0_sup4.3.0_5mCG_5hmCG.bam', 's3://human-pangenomics/working/HPRC/HG03672/raw_data/nanopore/dorado0.6.0_sup4.3.0_5mCG_5hmCG/11_14_23_R1041_HPRC_HG03672_2_dorado0.6.0_sup4.3.0_5mCG_5hmCG.bam', 's3://human-pangenomics/working/HPRC/HG03672/raw_data/nanopore/dorado0.6.0_sup4.3.0_5mCG_5hmCG/11_14_23_R1041_HPRC_HG03672_3_dorado0.6.0_sup4.3.0_5mCG_5hmCG.bam', 's3://human-pangenomics/working/HPRC/HG03672/raw_data/nanopore/dorado0.6.0_sup4.3.0_5mCG_5hmCG/11_14_23_R1041_HPRC_HG03672_1_dorado0.6.0_sup4.3.0_5mCG_5hmCG.bam', 's3://human-pangenomics/working/HPRC/HG03672/raw_data/nanopore/dorado0.6.0_sup4.3.0_5mCG_5hmCG/01_23_24_R1041_HPRC_HG03672_2_dorado0.6.0_sup4.3.0_5mCG_5hmCG.bam']",5,107.74,"[31.59, 14.15, 14.69, 19.4, 27.91]",12,R1041,8000,https://raw.githubusercontent.com/mobinasri/flagger/refs/heads/main/misc/alpha_tsv/ONT_R1041_Dorado/alpha_optimum_trunc_exp_gaussian_w_8000_n_50.ONT_R1041_Dorado_DEC_2024.v1.1.0.tsv
HG03688,"['s3://human-pangenomics/working/HPRC/HG03688/raw_data/nanopore/guppy_6/07_27_21_R941_HG03688_2_Guppy_6.5.7_450bps_modbases_5mc_cg_sup_prom_pass.bam', 's3://human-pangenomics/working/HPRC/HG03688/raw_data/nanopore/guppy_6/07_27_21_R941_HG03688_3_Guppy_6.5.7_450bps_modbases_5mc_cg_sup_prom_pass.bam', 's3://human-pangenomics/working/HPRC/HG03688/raw_data/nanopore/guppy_6/07_27_21_R941_HG03688_1_Guppy_6.5.7_450bps_modbases_5mc_cg_sup_prom_pass.bam']",3,72.82,21,map-ont,15,"['s3://human-pangenomics/working/HPRC/HG03688/raw_data/nanopore/guppy_6/07_27_21_R941_HG03688_1_Guppy_6.5.7_450bps_modbases_5mc_cg_sup_prom_pass.bam', 's3://human-pangenomics/working/HPRC/HG03688/raw_data/nanopore/guppy_6/07_27_21_R941_HG03688_2_Guppy_6.5.7_450bps_modbases_5mc_cg_sup_prom_pass.bam', 's3://human-pangenomics/working/HPRC/HG03688/raw_data/nanopore/guppy_6/07_27_21_R941_HG03688_3_Guppy_6.5.7_450bps_modbases_5mc_cg_sup_prom_pass.bam']",3,72.82,"[21.49, 27.31, 24.02]",21,R941,16000,https://raw.githubusercontent.com/mobinasri/flagger/refs/heads/main/misc/alpha_tsv/ONT_R941_Guppy6.3.7/alpha_optimum_trunc_exp_gaussian_w_16000_n_50.ONT_R941_Guppy6.3.7_DEC_2024.v1.1.0.tsv
HG03704,"['s3://human-pangenomics/working/HPRC/HG03704/raw_data/nanopore/guppy_6/08_17_21_R941_HG03704_1_Guppy_6.5.7_450bps_modbases_5mc_cg_sup_prom_pass.bam', 's3://human-pangenomics/working/HPRC/HG03704/raw_data/nanopore/guppy_6/08_17_21_R941_HG03704_2_Guppy_6.5.7_450bps_modbases_5mc_cg_sup_prom_pass.bam', 's3://human-pangenomics/working/HPRC/HG03704/raw_data/nanopore/guppy_6/08_17_21_R941_HG03704_3_Guppy_6.5.7_450bps_modbases_5mc_cg_sup_prom_pass.bam']",3,69.72,21,map-ont,15,"['s3://human-pangenomics/working/HPRC/HG03704/raw_data/nanopore/guppy_6/08_17_21_R941_HG03704_1_Guppy_6.5.7_450bps_modbases_5mc_cg_sup_prom_pass.bam', 's3://human-pangenomics/working/HPRC/HG03704/raw_data/nanopore/guppy_6/08_17_21_R941_HG03704_2_Guppy_6.5.7_450bps_modbases_5mc_cg_sup_prom_pass.bam', 's3://human-pangenomics/working/HPRC/HG03704/raw_data/nanopore/guppy_6/08_17_21_R941_HG03704_3_Guppy_6.5.7_450bps_modbases_5mc_cg_sup_prom_pass.bam']",3,69.72,"[25.08, 24.6, 20.04]",21,R941,16000,https://raw.githubusercontent.com/mobinasri/flagger/refs/heads/main/misc/alpha_tsv/ONT_R941_Guppy6.3.7/alpha_optimum_trunc_exp_gaussian_w_16000_n_50.ONT_R941_Guppy6.3.7_DEC_2024.v1.1.0.tsv
HG03710,"['s3://human-pangenomics/working/HPRC/HG03710/raw_data/nanopore/guppy_6/07_20_21_R941_HG03710_3_Guppy_6.5.7_450bps_modbases_5mc_cg_sup_prom_pass.bam', 's3://human-pangenomics/working/HPRC/HG03710/raw_data/nanopore/guppy_6/07_20_21_R941_HG03710_1_Guppy_6.5.7_450bps_modbases_5mc_cg_sup_prom_pass.bam', 's3://human-pangenomics/working/HPRC/HG03710/raw_data/nanopore/guppy_6/07_20_21_R941_HG03710_4_Guppy_6.5.7_450bps_modbases_5mc_cg_sup_prom_pass.bam']",3,65.04,21,map-ont,15,"['s3://human-pangenomics/working/HPRC/HG03710/raw_data/nanopore/guppy_6/07_20_21_R941_HG03710_1_Guppy_6.5.7_450bps_modbases_5mc_cg_sup_prom_pass.bam', 's3://human-pangenomics/working/HPRC/HG03710/raw_data/nanopore/guppy_6/07_20_21_R941_HG03710_2_Guppy_6.5.7_450bps_modbases_5mc_cg_sup_prom_pass.bam', 's3://human-pangenomics/working/HPRC/HG03710/raw_data/nanopore/guppy_6/07_20_21_R941_HG03710_3_Guppy_6.5.7_450bps_modbases_5mc_cg_sup_prom_pass.bam', 's3://human-pangenomics/working/HPRC/HG03710/raw_data/nanopore/guppy_6/07_20_21_R941_HG03710_4_Guppy_6.5.7_450bps_modbases_5mc_cg_sup_prom_pass.bam']",4,67.23,"[25.42, 2.19, 30.55, 9.07]",16,R941,16000,https://raw.githubusercontent.com/mobinasri/flagger/refs/heads/main/misc/alpha_tsv/ONT_R941_Guppy6.3.7/alpha_optimum_trunc_exp_gaussian_w_16000_n_50.ONT_R941_Guppy6.3.7_DEC_2024.v1.1.0.tsv
HG03742,"['s3://human-pangenomics/working/HPRC/HG03742/raw_data/nanopore/guppy_6/09_27_2022_R941_HG03742_2_Guppy_6.5.7_450bps_modbases_5mc_cg_sup_prom_pass.bam', 's3://human-pangenomics/working/HPRC/HG03742/raw_data/nanopore/guppy_6/09_27_2022_R941_HG03742_1_Guppy_6.5.7_450bps_modbases_5mc_cg_sup_prom_pass.bam', 's3://human-pangenomics/working/HPRC/HG03742/raw_data/nanopore/guppy_6/09_27_2022_R941_HG03742_3_Guppy_6.5.7_450bps_modbases_5mc_cg_sup_prom_pass.bam']",3,59.89,21,map-ont,15,"['s3://human-pangenomics/working/HPRC/HG03742/raw_data/nanopore/guppy_6/09_27_2022_R941_HG03742_1_Guppy_6.5.7_450bps_modbases_5mc_cg_sup_prom_pass.bam', 's3://human-pangenomics/working/HPRC/HG03742/raw_data/nanopore/guppy_6/09_27_2022_R941_HG03742_2_Guppy_6.5.7_450bps_modbases_5mc_cg_sup_prom_pass.bam', 's3://human-pangenomics/working/HPRC/HG03742/raw_data/nanopore/guppy_6/09_27_2022_R941_HG03742_3_Guppy_6.5.7_450bps_modbases_5mc_cg_sup_prom_pass.bam']",3,59.89,"[20.24, 20.4, 19.25]",21,R941,16000,https://raw.githubusercontent.com/mobinasri/flagger/refs/heads/main/misc/alpha_tsv/ONT_R941_Guppy6.3.7/alpha_optimum_trunc_exp_gaussian_w_16000_n_50.ONT_R941_Guppy6.3.7_DEC_2024.v1.1.0.tsv
HG03778,"['s3://human-pangenomics/working/HPRC/HG03778/raw_data/nanopore/dorado0.6.0_sup4.3.0_5mCG_5hmCG/09_12_23_R1041_HPRC_HG03778_3_dorado0.6.0_sup4.3.0_5mCG_5hmCG.bam', 's3://human-pangenomics/working/HPRC/HG03778/raw_data/nanopore/dorado0.6.0_sup4.3.0_5mCG_5hmCG/09_12_23_R1041_HPRC_HG03778_2_dorado0.6.0_sup4.3.0_5mCG_5hmCG.bam', 's3://human-pangenomics/working/HPRC/HG03778/raw_data/nanopore/dorado0.6.0_sup4.3.0_5mCG_5hmCG/09_12_23_R1041_HPRC_HG03778_1_dorado0.6.0_sup4.3.0_5mCG_5hmCG.bam']",3,77.96,21,lr:hqae,25,"['s3://human-pangenomics/working/HPRC/HG03778/raw_data/nanopore/dorado0.6.0_sup4.3.0_5mCG_5hmCG/09_12_23_R1041_HPRC_HG03778_3_dorado0.6.0_sup4.3.0_5mCG_5hmCG.bam', 's3://human-pangenomics/working/HPRC/HG03778/raw_data/nanopore/dorado0.6.0_sup4.3.0_5mCG_5hmCG/09_12_23_R1041_HPRC_HG03778_2_dorado0.6.0_sup4.3.0_5mCG_5hmCG.bam', 's3://human-pangenomics/working/HPRC/HG03778/raw_data/nanopore/dorado0.6.0_sup4.3.0_5mCG_5hmCG/09_12_23_R1041_HPRC_HG03778_1_dorado0.6.0_sup4.3.0_5mCG_5hmCG.bam']",3,77.96,"[26.93, 25.74, 25.29]",21,R1041,8000,https://raw.githubusercontent.com/mobinasri/flagger/refs/heads/main/misc/alpha_tsv/ONT_R1041_Dorado/alpha_optimum_trunc_exp_gaussian_w_8000_n_50.ONT_R1041_Dorado_DEC_2024.v1.1.0.tsv
HG03784,"['s3://human-pangenomics/working/HPRC/HG03784/raw_data/nanopore/dorado0.6.0_sup4.3.0_5mCG_5hmCG/10_17_23_R1041_HPRC_HG03784_1_dorado0.6.0_sup4.3.0_5mCG_5hmCG.bam', 's3://human-pangenomics/working/HPRC/HG03784/raw_data/nanopore/dorado0.6.0_sup4.3.0_5mCG_5hmCG/10_17_23_R1041_HPRC_HG03784_2_dorado0.6.0_sup4.3.0_5mCG_5hmCG.bam', 's3://human-pangenomics/working/HPRC/HG03784/raw_data/nanopore/dorado0.6.0_sup4.3.0_5mCG_5hmCG/10_17_23_R1041_HPRC_HG03784_3_dorado0.6.0_sup4.3.0_5mCG_5hmCG.bam']",3,57.42,21,lr:hqae,25,"['s3://human-pangenomics/working/HPRC/HG03784/raw_data/nanopore/dorado0.6.0_sup4.3.0_5mCG_5hmCG/10_17_23_R1041_HPRC_HG03784_1_dorado0.6.0_sup4.3.0_5mCG_5hmCG.bam', 's3://human-pangenomics/working/HPRC/HG03784/raw_data/nanopore/dorado0.6.0_sup4.3.0_5mCG_5hmCG/10_17_23_R1041_HPRC_HG03784_3_dorado0.6.0_sup4.3.0_5mCG_5hmCG.bam', 's3://human-pangenomics/working/HPRC/HG03784/raw_data/nanopore/dorado0.6.0_sup4.3.0_5mCG_5hmCG/10_17_23_R1041_HPRC_HG03784_2_dorado0.6.0_sup4.3.0_5mCG_5hmCG.bam']",3,57.42,"[20.5, 16.79, 20.13]",21,R1041,8000,https://raw.githubusercontent.com/mobinasri/flagger/refs/heads/main/misc/alpha_tsv/ONT_R1041_Dorado/alpha_optimum_trunc_exp_gaussian_w_8000_n_50.ONT_R1041_Dorado_DEC_2024.v1.1.0.tsv
HG03792,"['s3://human-pangenomics/working/HPRC/HG03792/raw_data/nanopore/guppy_6/08_10_22_R941_HG03792_1_Guppy_6.5.7_450bps_modbases_5mc_cg_sup_prom_pass.bam', 's3://human-pangenomics/working/HPRC/HG03792/raw_data/nanopore/guppy_6/08_10_22_R941_HG03792_3_Guppy_6.5.7_450bps_modbases_5mc_cg_sup_prom_pass.bam', 's3://human-pangenomics/working/HPRC/HG03792/raw_data/nanopore/guppy_6/08_10_22_R941_HG03792_2_Guppy_6.5.7_450bps_modbases_5mc_cg_sup_prom_pass.bam']",3,73.05,21,map-ont,15,"['s3://human-pangenomics/working/HPRC/HG03792/raw_data/nanopore/guppy_6/08_10_22_R941_HG03792_1_Guppy_6.5.7_450bps_modbases_5mc_cg_sup_prom_pass.bam', 's3://human-pangenomics/working/HPRC/HG03792/raw_data/nanopore/guppy_6/08_10_22_R941_HG03792_2_Guppy_6.5.7_450bps_modbases_5mc_cg_sup_prom_pass.bam', 's3://human-pangenomics/working/HPRC/HG03792/raw_data/nanopore/guppy_6/08_10_22_R941_HG03792_3_Guppy_6.5.7_450bps_modbases_5mc_cg_sup_prom_pass.bam']",3,73.05,"[25.93, 21.29, 25.83]",21,R941,16000,https://raw.githubusercontent.com/mobinasri/flagger/refs/heads/main/misc/alpha_tsv/ONT_R941_Guppy6.3.7/alpha_optimum_trunc_exp_gaussian_w_16000_n_50.ONT_R941_Guppy6.3.7_DEC_2024.v1.1.0.tsv
HG03804,"['s3://human-pangenomics/working/HPRC/HG03804/raw_data/nanopore/guppy_6/07_20_21_R941_HG03804_3_Guppy_6.5.7_450bps_modbases_5mc_cg_sup_prom_pass.bam', 's3://human-pangenomics/working/HPRC/HG03804/raw_data/nanopore/guppy_6/07_20_21_R941_HG03804_1_Guppy_6.5.7_450bps_modbases_5mc_cg_sup_prom_pass.bam']",2,64.13,32,map-ont,15,"['s3://human-pangenomics/working/HPRC/HG03804/raw_data/nanopore/guppy_6/07_20_21_R941_HG03804_1_Guppy_6.5.7_450bps_modbases_5mc_cg_sup_prom_pass.bam', 's3://human-pangenomics/working/HPRC/HG03804/raw_data/nanopore/guppy_6/07_20_21_R941_HG03804_2_Guppy_6.5.7_450bps_modbases_5mc_cg_sup_prom_pass.bam', 's3://human-pangenomics/working/HPRC/HG03804/raw_data/nanopore/guppy_6/07_20_21_R941_HG03804_3_Guppy_6.5.7_450bps_modbases_5mc_cg_sup_prom_pass.bam']",3,92.29,"[31.92, 28.16, 32.21]",21,R941,16000,https://raw.githubusercontent.com/mobinasri/flagger/refs/heads/main/misc/alpha_tsv/ONT_R941_Guppy6.3.7/alpha_optimum_trunc_exp_gaussian_w_16000_n_50.ONT_R941_Guppy6.3.7_DEC_2024.v1.1.0.tsv
HG03816,"['s3://human-pangenomics/working/HPRC/HG03816/raw_data/nanopore/guppy_6/07_20_21_R941_HG03816_3_Guppy_6.5.7_450bps_modbases_5mc_cg_sup_prom_pass.bam', 's3://human-pangenomics/working/HPRC/HG03816/raw_data/nanopore/guppy_6/07_20_21_R941_HG03816_1_Guppy_6.5.7_450bps_modbases_5mc_cg_sup_prom_pass.bam', 's3://human-pangenomics/working/HPRC/HG03816/raw_data/nanopore/guppy_6/07_20_21_R941_HG03816_2_Guppy_6.5.7_450bps_modbases_5mc_cg_sup_prom_pass.bam']",3,79.52,21,map-ont,15,"['s3://human-pangenomics/working/HPRC/HG03816/raw_data/nanopore/guppy_6/07_20_21_R941_HG03816_1_Guppy_6.5.7_450bps_modbases_5mc_cg_sup_prom_pass.bam', 's3://human-pangenomics/working/HPRC/HG03816/raw_data/nanopore/guppy_6/07_20_21_R941_HG03816_2_Guppy_6.5.7_450bps_modbases_5mc_cg_sup_prom_pass.bam', 's3://human-pangenomics/working/HPRC/HG03816/raw_data/nanopore/guppy_6/07_20_21_R941_HG03816_3_Guppy_6.5.7_450bps_modbases_5mc_cg_sup_prom_pass.bam']",3,79.52,"[28.94, 20.57, 30.01]",21,R941,16000,https://raw.githubusercontent.com/mobinasri/flagger/refs/heads/main/misc/alpha_tsv/ONT_R941_Guppy6.3.7/alpha_optimum_trunc_exp_gaussian_w_16000_n_50.ONT_R941_Guppy6.3.7_DEC_2024.v1.1.0.tsv
HG03831,"['s3://human-pangenomics/working/HPRC/HG03831/raw_data/nanopore/guppy_6/08_10_21_R941_HG03831_3_Guppy_6.5.7_450bps_modbases_5mc_cg_sup_prom_pass.bam', 's3://human-pangenomics/working/HPRC/HG03831/raw_data/nanopore/guppy_6/08_10_21_R941_HG03831_2_Guppy_6.5.7_450bps_modbases_5mc_cg_sup_prom_pass.bam', 's3://human-pangenomics/working/HPRC/HG03831/raw_data/nanopore/guppy_6/08_10_21_R941_HG03831_1_Guppy_6.5.7_450bps_modbases_5mc_cg_sup_prom_pass.bam']",3,79.82,21,map-ont,15,"['s3://human-pangenomics/working/HPRC/HG03831/raw_data/nanopore/guppy_6/08_10_21_R941_HG03831_1_Guppy_6.5.7_450bps_modbases_5mc_cg_sup_prom_pass.bam', 's3://human-pangenomics/working/HPRC/HG03831/raw_data/nanopore/guppy_6/08_10_21_R941_HG03831_2_Guppy_6.5.7_450bps_modbases_5mc_cg_sup_prom_pass.bam', 's3://human-pangenomics/working/HPRC/HG03831/raw_data/nanopore/guppy_6/08_10_21_R941_HG03831_3_Guppy_6.5.7_450bps_modbases_5mc_cg_sup_prom_pass.bam']",3,79.82,"[25.58, 26.03, 28.21]",21,R941,16000,https://raw.githubusercontent.com/mobinasri/flagger/refs/heads/main/misc/alpha_tsv/ONT_R941_Guppy6.3.7/alpha_optimum_trunc_exp_gaussian_w_16000_n_50.ONT_R941_Guppy6.3.7_DEC_2024.v1.1.0.tsv
HG03834,"['s3://human-pangenomics/working/HPRC/HG03834/raw_data/nanopore/guppy_6/02_08_22_R941_HG03834_2_Guppy_6.5.7_450bps_modbases_5mc_cg_sup_prom_pass.bam', 's3://human-pangenomics/working/HPRC/HG03834/raw_data/nanopore/guppy_6/02_08_22_R941_HG03834_1_Guppy_6.5.7_450bps_modbases_5mc_cg_sup_prom_pass.bam', 's3://human-pangenomics/working/HPRC/HG03834/raw_data/nanopore/guppy_6/02_08_22_R941_HG03834_3_Guppy_6.5.7_450bps_modbases_5mc_cg_sup_prom_pass.bam']",3,48.8,21,map-ont,15,"['s3://human-pangenomics/working/HPRC/HG03834/raw_data/nanopore/guppy_6/02_08_22_R941_HG03834_1_Guppy_6.5.7_450bps_modbases_5mc_cg_sup_prom_pass.bam', 's3://human-pangenomics/working/HPRC/HG03834/raw_data/nanopore/guppy_6/02_08_22_R941_HG03834_2_Guppy_6.5.7_450bps_modbases_5mc_cg_sup_prom_pass.bam', 's3://human-pangenomics/working/HPRC/HG03834/raw_data/nanopore/guppy_6/02_08_22_R941_HG03834_3_Guppy_6.5.7_450bps_modbases_5mc_cg_sup_prom_pass.bam']",3,48.8,"[16.37, 16.7, 15.73]",21,R941,16000,https://raw.githubusercontent.com/mobinasri/flagger/refs/heads/main/misc/alpha_tsv/ONT_R941_Guppy6.3.7/alpha_optimum_trunc_exp_gaussian_w_16000_n_50.ONT_R941_Guppy6.3.7_DEC_2024.v1.1.0.tsv
HG03874,"['s3://human-pangenomics/working/HPRC/HG03874/raw_data/nanopore/dorado0.6.0_sup4.3.0_5mCG_5hmCG/01_23_24_R1041_HPRC_HG03874_1_dorado0.6.0_sup4.3.0_5mCG_5hmCG.bam', 's3://human-pangenomics/working/HPRC/HG03874/raw_data/nanopore/dorado0.6.0_sup4.3.0_5mCG_5hmCG/11_14_23_R1041_HPRC_HG03874_2_dorado0.6.0_sup4.3.0_5mCG_5hmCG.bam', 's3://human-pangenomics/working/HPRC/HG03874/raw_data/nanopore/dorado0.6.0_sup4.3.0_5mCG_5hmCG/01_23_24_R1041_HPRC_HG03874_2_dorado0.6.0_sup4.3.0_5mCG_5hmCG.bam']",3,63.67,21,lr:hqae,25,"['s3://human-pangenomics/working/HPRC/HG03874/raw_data/nanopore/dorado0.6.0_sup4.3.0_5mCG_5hmCG/01_23_24_R1041_HPRC_HG03874_2_dorado0.6.0_sup4.3.0_5mCG_5hmCG.bam', 's3://human-pangenomics/working/HPRC/HG03874/raw_data/nanopore/dorado0.6.0_sup4.3.0_5mCG_5hmCG/11_14_23_R1041_HPRC_HG03874_1_dorado0.6.0_sup4.3.0_5mCG_5hmCG.bam', 's3://human-pangenomics/working/HPRC/HG03874/raw_data/nanopore/dorado0.6.0_sup4.3.0_5mCG_5hmCG/11_14_23_R1041_HPRC_HG03874_3_dorado0.6.0_sup4.3.0_5mCG_5hmCG.bam', 's3://human-pangenomics/working/HPRC/HG03874/raw_data/nanopore/dorado0.6.0_sup4.3.0_5mCG_5hmCG/11_14_23_R1041_HPRC_HG03874_2_dorado0.6.0_sup4.3.0_5mCG_5hmCG.bam', 's3://human-pangenomics/working/HPRC/HG03874/raw_data/nanopore/dorado0.6.0_sup4.3.0_5mCG_5hmCG/01_23_24_R1041_HPRC_HG03874_1_dorado0.6.0_sup4.3.0_5mCG_5hmCG.bam']",5,84.39,"[19.22, 3.6, 17.12, 20.1, 24.35]",12,R1041,8000,https://raw.githubusercontent.com/mobinasri/flagger/refs/heads/main/misc/alpha_tsv/ONT_R1041_Dorado/alpha_optimum_trunc_exp_gaussian_w_8000_n_50.ONT_R1041_Dorado_DEC_2024.v1.1.0.tsv
HG03919,"['s3://human-pangenomics/working/HPRC/HG03919/raw_data/nanopore/dorado0.6.0_sup4.3.0_5mCG_5hmCG/01_16_24_R1041_HPRC_HG03919_2_dorado0.6.0_sup4.3.0_5mCG_5hmCG.bam', 's3://human-pangenomics/working/HPRC/HG03919/raw_data/nanopore/dorado0.6.0_sup4.3.0_5mCG_5hmCG/01_16_24_R1041_HPRC_HG03919_4_dorado0.6.0_sup4.3.0_5mCG_5hmCG.bam', 's3://human-pangenomics/working/HPRC/HG03919/raw_data/nanopore/dorado0.6.0_sup4.3.0_5mCG_5hmCG/01_16_24_R1041_HPRC_HG03919_1_dorado0.6.0_sup4.3.0_5mCG_5hmCG.bam']",3,65.8,21,lr:hqae,25,"['s3://human-pangenomics/working/HPRC/HG03919/raw_data/nanopore/dorado0.6.0_sup4.3.0_5mCG_5hmCG/01_16_24_R1041_HPRC_HG03919_3_dorado0.6.0_sup4.3.0_5mCG_5hmCG.bam', 's3://human-pangenomics/working/HPRC/HG03919/raw_data/nanopore/dorado0.6.0_sup4.3.0_5mCG_5hmCG/01_16_24_R1041_HPRC_HG03919_2_dorado0.6.0_sup4.3.0_5mCG_5hmCG.bam', 's3://human-pangenomics/working/HPRC/HG03919/raw_data/nanopore/dorado0.6.0_sup4.3.0_5mCG_5hmCG/11_14_23_R1041_HPRC_HG03919_1_dorado0.6.0_sup4.3.0_5mCG_5hmCG.bam', 's3://human-pangenomics/working/HPRC/HG03919/raw_data/nanopore/dorado0.6.0_sup4.3.0_5mCG_5hmCG/01_16_24_R1041_HPRC_HG03919_4_dorado0.6.0_sup4.3.0_5mCG_5hmCG.bam', 's3://human-pangenomics/working/HPRC/HG03919/raw_data/nanopore/dorado0.6.0_sup4.3.0_5mCG_5hmCG/11_14_23_R1041_HPRC_HG03919_3_dorado0.6.0_sup4.3.0_5mCG_5hmCG.bam', 's3://human-pangenomics/working/HPRC/HG03919/raw_data/nanopore/dorado0.6.0_sup4.3.0_5mCG_5hmCG/01_16_24_R1041_HPRC_HG03919_1_dorado0.6.0_sup4.3.0_5mCG_5hmCG.bam', 's3://human-pangenomics/working/HPRC/HG03919/raw_data/nanopore/dorado0.6.0_sup4.3.0_5mCG_5hmCG/11_14_23_R1041_HPRC_HG03919_2_dorado0.6.0_sup4.3.0_5mCG_5hmCG.bam']",7,89.23,"[19.14, 24.01, 1.67, 21.78, 1.73, 20.01, 0.89]",9,R1041,8000,https://raw.githubusercontent.com/mobinasri/flagger/refs/heads/main/misc/alpha_tsv/ONT_R1041_Dorado/alpha_optimum_trunc_exp_gaussian_w_8000_n_50.ONT_R1041_Dorado_DEC_2024.v1.1.0.tsv
HG03927,"['s3://human-pangenomics/working/HPRC/HG03927/raw_data/nanopore/guppy_6/08_10_21_R941_HG03927_3_Guppy_6.5.7_450bps_modbases_5mc_cg_sup_prom_pass.bam', 's3://human-pangenomics/working/HPRC/HG03927/raw_data/nanopore/guppy_6/08_10_21_R941_HG03927_2_Guppy_6.5.7_450bps_modbases_5mc_cg_sup_prom_pass.bam', 's3://human-pangenomics/working/HPRC/HG03927/raw_data/nanopore/guppy_6/08_10_21_R941_HG03927_1_Guppy_6.5.7_450bps_modbases_5mc_cg_sup_prom_pass.bam']",3,61.94,21,map-ont,15,"['s3://human-pangenomics/working/HPRC/HG03927/raw_data/nanopore/guppy_6/08_10_21_R941_HG03927_1_Guppy_6.5.7_450bps_modbases_5mc_cg_sup_prom_pass.bam', 's3://human-pangenomics/working/HPRC/HG03927/raw_data/nanopore/guppy_6/08_10_21_R941_HG03927_2_Guppy_6.5.7_450bps_modbases_5mc_cg_sup_prom_pass.bam', 's3://human-pangenomics/working/HPRC/HG03927/raw_data/nanopore/guppy_6/08_10_21_R941_HG03927_3_Guppy_6.5.7_450bps_modbases_5mc_cg_sup_prom_pass.bam']",3,61.94,"[12.27, 22.91, 26.76]",21,R941,16000,https://raw.githubusercontent.com/mobinasri/flagger/refs/heads/main/misc/alpha_tsv/ONT_R941_Guppy6.3.7/alpha_optimum_trunc_exp_gaussian_w_16000_n_50.ONT_R941_Guppy6.3.7_DEC_2024.v1.1.0.tsv
HG03942,"['s3://human-pangenomics/working/HPRC/HG03942/raw_data/nanopore/guppy_6/07_20_21_R941_HG03942_2_Guppy_6.5.7_450bps_modbases_5mc_cg_sup_prom_pass.bam', 's3://human-pangenomics/working/HPRC/HG03942/raw_data/nanopore/guppy_6/07_20_21_R941_HG03942_3_Guppy_6.5.7_450bps_modbases_5mc_cg_sup_prom_pass.bam', 's3://human-pangenomics/working/HPRC/HG03942/raw_data/nanopore/guppy_6/07_20_21_R941_HG03942_1_Guppy_6.5.7_450bps_modbases_5mc_cg_sup_prom_pass.bam']",3,55.3,21,map-ont,15,"['s3://human-pangenomics/working/HPRC/HG03942/raw_data/nanopore/guppy_6/07_20_21_R941_HG03942_1_Guppy_6.5.7_450bps_modbases_5mc_cg_sup_prom_pass.bam', 's3://human-pangenomics/working/HPRC/HG03942/raw_data/nanopore/guppy_6/07_20_21_R941_HG03942_2_Guppy_6.5.7_450bps_modbases_5mc_cg_sup_prom_pass.bam', 's3://human-pangenomics/working/HPRC/HG03942/raw_data/nanopore/guppy_6/07_20_21_R941_HG03942_3_Guppy_6.5.7_450bps_modbases_5mc_cg_sup_prom_pass.bam']",3,55.3,"[4.77, 29.07, 21.46]",21,R941,16000,https://raw.githubusercontent.com/mobinasri/flagger/refs/heads/main/misc/alpha_tsv/ONT_R941_Guppy6.3.7/alpha_optimum_trunc_exp_gaussian_w_16000_n_50.ONT_R941_Guppy6.3.7_DEC_2024.v1.1.0.tsv
HG04115,"['s3://human-pangenomics/working/HPRC/HG04115/raw_data/nanopore/guppy_6/07_27_21_R941_HG04115_2_Guppy_6.5.7_450bps_modbases_5mc_cg_sup_prom_pass.bam', 's3://human-pangenomics/working/HPRC/HG04115/raw_data/nanopore/guppy_6/07_27_21_R941_HG04115_4_Guppy_6.5.7_450bps_modbases_5mc_cg_sup_prom_pass.bam', 's3://human-pangenomics/working/HPRC/HG04115/raw_data/nanopore/guppy_6/07_27_21_R941_HG04115_1_Guppy_6.5.7_450bps_modbases_5mc_cg_sup_prom_pass.bam', 's3://human-pangenomics/working/HPRC/HG04115/raw_data/nanopore/guppy_6/07_27_21_R941_HG04115_5_Guppy_6.5.7_450bps_modbases_5mc_cg_sup_prom_pass.bam', 's3://human-pangenomics/working/HPRC/HG04115/raw_data/nanopore/guppy_6/07_27_21_R941_HG04115_3_Guppy_6.5.7_450bps_modbases_5mc_cg_sup_prom_pass.bam']",5,55.93,12,map-ont,15,"['s3://human-pangenomics/working/HPRC/HG04115/raw_data/nanopore/guppy_6/07_27_21_R941_HG04115_1_Guppy_6.5.7_450bps_modbases_5mc_cg_sup_prom_pass.bam', 's3://human-pangenomics/working/HPRC/HG04115/raw_data/nanopore/guppy_6/07_27_21_R941_HG04115_2_Guppy_6.5.7_450bps_modbases_5mc_cg_sup_prom_pass.bam', 's3://human-pangenomics/working/HPRC/HG04115/raw_data/nanopore/guppy_6/07_27_21_R941_HG04115_3_Guppy_6.5.7_450bps_modbases_5mc_cg_sup_prom_pass.bam', 's3://human-pangenomics/working/HPRC/HG04115/raw_data/nanopore/guppy_6/07_27_21_R941_HG04115_4_Guppy_6.5.7_450bps_modbases_5mc_cg_sup_prom_pass.bam', 's3://human-pangenomics/working/HPRC/HG04115/raw_data/nanopore/guppy_6/07_27_21_R941_HG04115_5_Guppy_6.5.7_450bps_modbases_5mc_cg_sup_prom_pass.bam']",5,55.93,"[8.25, 17.59, 7.53, 14.89, 7.67]",12,R941,16000,https://raw.githubusercontent.com/mobinasri/flagger/refs/heads/main/misc/alpha_tsv/ONT_R941_Guppy6.3.7/alpha_optimum_trunc_exp_gaussian_w_16000_n_50.ONT_R941_Guppy6.3.7_DEC_2024.v1.1.0.tsv
HG04153,"['s3://human-pangenomics/working/HPRC/HG04153/raw_data/nanopore/dorado0.6.0_sup4.3.0_5mCG_5hmCG/09_06_23_R1041_HPRC_HG04153_2_dorado0.6.0_sup4.3.0_5mCG_5hmCG.bam', 's3://human-pangenomics/working/HPRC/HG04153/raw_data/nanopore/dorado0.6.0_sup4.3.0_5mCG_5hmCG/09_06_23_R1041_HPRC_HG04153_1_dorado0.6.0_sup4.3.0_5mCG_5hmCG.bam', 's3://human-pangenomics/working/HPRC/HG04153/raw_data/nanopore/dorado0.6.0_sup4.3.0_5mCG_5hmCG/09_06_23_R1041_HPRC_HG04153_3_dorado0.6.0_sup4.3.0_5mCG_5hmCG.bam']",3,48.05,21,lr:hqae,25,"['s3://human-pangenomics/working/HPRC/HG04153/raw_data/nanopore/dorado0.6.0_sup4.3.0_5mCG_5hmCG/09_06_23_R1041_HPRC_HG04153_2_dorado0.6.0_sup4.3.0_5mCG_5hmCG.bam', 's3://human-pangenomics/working/HPRC/HG04153/raw_data/nanopore/dorado0.6.0_sup4.3.0_5mCG_5hmCG/09_06_23_R1041_HPRC_HG04153_3_dorado0.6.0_sup4.3.0_5mCG_5hmCG.bam', 's3://human-pangenomics/working/HPRC/HG04153/raw_data/nanopore/dorado0.6.0_sup4.3.0_5mCG_5hmCG/09_06_23_R1041_HPRC_HG04153_1_dorado0.6.0_sup4.3.0_5mCG_5hmCG.bam']",3,48.05,"[18.05, 14.03, 15.97]",21,R1041,8000,https://raw.githubusercontent.com/mobinasri/flagger/refs/heads/main/misc/alpha_tsv/ONT_R1041_Dorado/alpha_optimum_trunc_exp_gaussian_w_8000_n_50.ONT_R1041_Dorado_DEC_2024.v1.1.0.tsv
HG04157,"['s3://human-pangenomics/working/HPRC/HG04157/raw_data/nanopore/guppy_6/08_03_21_R941_HG04157_2_Guppy_6.5.7_450bps_modbases_5mc_cg_sup_prom_pass.bam', 's3://human-pangenomics/working/HPRC/HG04157/raw_data/nanopore/guppy_6/08_03_21_R941_HG04157_1_Guppy_6.5.7_450bps_modbases_5mc_cg_sup_prom_pass.bam']",2,61.88,32,map-ont,15,"['s3://human-pangenomics/working/HPRC/HG04157/raw_data/nanopore/guppy_6/08_03_21_R941_HG04157_1_Guppy_6.5.7_450bps_modbases_5mc_cg_sup_prom_pass.bam', 's3://human-pangenomics/working/HPRC/HG04157/raw_data/nanopore/guppy_6/08_03_21_R941_HG04157_2_Guppy_6.5.7_450bps_modbases_5mc_cg_sup_prom_pass.bam', 's3://human-pangenomics/working/HPRC/HG04157/raw_data/nanopore/guppy_6/08_03_21_R941_HG04157_3_Guppy_6.5.7_450bps_modbases_5mc_cg_sup_prom_pass.bam']",3,85.73,"[29.58, 32.3, 23.85]",21,R941,16000,https://raw.githubusercontent.com/mobinasri/flagger/refs/heads/main/misc/alpha_tsv/ONT_R941_Guppy6.3.7/alpha_optimum_trunc_exp_gaussian_w_16000_n_50.ONT_R941_Guppy6.3.7_DEC_2024.v1.1.0.tsv
HG04160,"['s3://human-pangenomics/working/HPRC/HG04160/raw_data/nanopore/guppy_6/08_03_21_R941_HG04160_3_Guppy_6.5.7_450bps_modbases_5mc_cg_sup_prom_pass.bam', 's3://human-pangenomics/working/HPRC/HG04160/raw_data/nanopore/guppy_6/08_03_21_R941_HG04160_2_Guppy_6.5.7_450bps_modbases_5mc_cg_sup_prom_pass.bam', 's3://human-pangenomics/working/HPRC/HG04160/raw_data/nanopore/guppy_6/08_03_21_R941_HG04160_1_Guppy_6.5.7_450bps_modbases_5mc_cg_sup_prom_pass.bam']",3,72.24,21,map-ont,15,"['s3://human-pangenomics/working/HPRC/HG04160/raw_data/nanopore/guppy_6/08_03_21_R941_HG04160_1_Guppy_6.5.7_450bps_modbases_5mc_cg_sup_prom_pass.bam', 's3://human-pangenomics/working/HPRC/HG04160/raw_data/nanopore/guppy_6/08_03_21_R941_HG04160_2_Guppy_6.5.7_450bps_modbases_5mc_cg_sup_prom_pass.bam', 's3://human-pangenomics/working/HPRC/HG04160/raw_data/nanopore/guppy_6/08_03_21_R941_HG04160_3_Guppy_6.5.7_450bps_modbases_5mc_cg_sup_prom_pass.bam']",3,72.24,"[22.94, 24.52, 24.78]",21,R941,16000,https://raw.githubusercontent.com/mobinasri/flagger/refs/heads/main/misc/alpha_tsv/ONT_R941_Guppy6.3.7/alpha_optimum_trunc_exp_gaussian_w_16000_n_50.ONT_R941_Guppy6.3.7_DEC_2024.v1.1.0.tsv
HG04184,"['s3://human-pangenomics/working/HPRC/HG04184/raw_data/nanopore/guppy_6/08_25_21_R941_HG04184_2_Guppy_6.5.7_450bps_modbases_5mc_cg_sup_prom_pass.bam', 's3://human-pangenomics/working/HPRC/HG04184/raw_data/nanopore/guppy_6/08_25_21_R941_HG04184_3_Guppy_6.5.7_450bps_modbases_5mc_cg_sup_prom_pass.bam', 's3://human-pangenomics/working/HPRC/HG04184/raw_data/nanopore/guppy_6/08_25_21_R941_HG04184_1_Guppy_6.5.7_450bps_modbases_5mc_cg_sup_prom_pass.bam']",3,47.79,21,map-ont,15,"['s3://human-pangenomics/working/HPRC/HG04184/raw_data/nanopore/guppy_6/08_25_21_R941_HG04184_1_Guppy_6.5.7_450bps_modbases_5mc_cg_sup_prom_pass.bam', 's3://human-pangenomics/working/HPRC/HG04184/raw_data/nanopore/guppy_6/08_25_21_R941_HG04184_2_Guppy_6.5.7_450bps_modbases_5mc_cg_sup_prom_pass.bam', 's3://human-pangenomics/working/HPRC/HG04184/raw_data/nanopore/guppy_6/08_25_21_R941_HG04184_3_Guppy_6.5.7_450bps_modbases_5mc_cg_sup_prom_pass.bam']",3,47.79,"[13.97, 18.01, 15.81]",21,R941,16000,https://raw.githubusercontent.com/mobinasri/flagger/refs/heads/main/misc/alpha_tsv/ONT_R941_Guppy6.3.7/alpha_optimum_trunc_exp_gaussian_w_16000_n_50.ONT_R941_Guppy6.3.7_DEC_2024.v1.1.0.tsv
HG04187,"['s3://human-pangenomics/working/HPRC/HG04187/raw_data/nanopore/guppy_6/08_10_21_R941_HG04187_2_Guppy_6.5.7_450bps_modbases_5mc_cg_sup_prom_pass.bam', 's3://human-pangenomics/working/HPRC/HG04187/raw_data/nanopore/guppy_6/08_10_21_R941_HG04187_3_Guppy_6.5.7_450bps_modbases_5mc_cg_sup_prom_pass.bam', 's3://human-pangenomics/working/HPRC/HG04187/raw_data/nanopore/guppy_6/08_10_21_R941_HG04187_1_Guppy_6.5.7_450bps_modbases_5mc_cg_sup_prom_pass.bam', 's3://human-pangenomics/working/HPRC/HG04187/raw_data/nanopore/guppy_6/08_10_21_R941_HG04187_4_Guppy_6.5.7_450bps_modbases_5mc_cg_sup_prom_pass.bam']",4,47.1,16,map-ont,15,"['s3://human-pangenomics/working/HPRC/HG04187/raw_data/nanopore/guppy_6/08_10_21_R941_HG04187_1_Guppy_6.5.7_450bps_modbases_5mc_cg_sup_prom_pass.bam', 's3://human-pangenomics/working/HPRC/HG04187/raw_data/nanopore/guppy_6/08_10_21_R941_HG04187_2_Guppy_6.5.7_450bps_modbases_5mc_cg_sup_prom_pass.bam', 's3://human-pangenomics/working/HPRC/HG04187/raw_data/nanopore/guppy_6/08_10_21_R941_HG04187_3_Guppy_6.5.7_450bps_modbases_5mc_cg_sup_prom_pass.bam', 's3://human-pangenomics/working/HPRC/HG04187/raw_data/nanopore/guppy_6/08_10_21_R941_HG04187_4_Guppy_6.5.7_450bps_modbases_5mc_cg_sup_prom_pass.bam']",4,47.1,"[7.78, 20.02, 18.44, 0.86]",16,R941,16000,https://raw.githubusercontent.com/mobinasri/flagger/refs/heads/main/misc/alpha_tsv/ONT_R941_Guppy6.3.7/alpha_optimum_trunc_exp_gaussian_w_16000_n_50.ONT_R941_Guppy6.3.7_DEC_2024.v1.1.0.tsv
HG04199,"['s3://human-pangenomics/working/HPRC/HG04199/raw_data/nanopore/guppy_6/08_10_21_R941_HG04199_1_Guppy_6.5.7_450bps_modbases_5mc_cg_sup_prom_pass.bam', 's3://human-pangenomics/working/HPRC/HG04199/raw_data/nanopore/guppy_6/08_10_21_R941_HG04199_3_Guppy_6.5.7_450bps_modbases_5mc_cg_sup_prom_pass.bam', 's3://human-pangenomics/working/HPRC/HG04199/raw_data/nanopore/guppy_6/08_10_21_R941_HG04199_2_Guppy_6.5.7_450bps_modbases_5mc_cg_sup_prom_pass.bam']",3,60.0,21,map-ont,15,"['s3://human-pangenomics/working/HPRC/HG04199/raw_data/nanopore/guppy_6/08_10_21_R941_HG04199_1_Guppy_6.5.7_450bps_modbases_5mc_cg_sup_prom_pass.bam', 's3://human-pangenomics/working/HPRC/HG04199/raw_data/nanopore/guppy_6/08_10_21_R941_HG04199_2_Guppy_6.5.7_450bps_modbases_5mc_cg_sup_prom_pass.bam', 's3://human-pangenomics/working/HPRC/HG04199/raw_data/nanopore/guppy_6/08_10_21_R941_HG04199_3_Guppy_6.5.7_450bps_modbases_5mc_cg_sup_prom_pass.bam']",3,60.0,"[29.05, 12.5, 18.45]",21,R941,16000,https://raw.githubusercontent.com/mobinasri/flagger/refs/heads/main/misc/alpha_tsv/ONT_R941_Guppy6.3.7/alpha_optimum_trunc_exp_gaussian_w_16000_n_50.ONT_R941_Guppy6.3.7_DEC_2024.v1.1.0.tsv
HG04204,"['s3://human-pangenomics/working/HPRC/HG04204/raw_data/nanopore/guppy_6/08_10_21_R941_HG04204_1_Guppy_6.5.7_450bps_modbases_5mc_cg_sup_prom_pass.bam', 's3://human-pangenomics/working/HPRC/HG04204/raw_data/nanopore/guppy_6/08_10_21_R941_HG04204_2_Guppy_6.5.7_450bps_modbases_5mc_cg_sup_prom_pass.bam', 's3://human-pangenomics/working/HPRC/HG04204/raw_data/nanopore/guppy_6/08_10_21_R941_HG04204_3_Guppy_6.5.7_450bps_modbases_5mc_cg_sup_prom_pass.bam']",3,58.22,21,map-ont,15,"['s3://human-pangenomics/working/HPRC/HG04204/raw_data/nanopore/guppy_6/08_10_21_R941_HG04204_1_Guppy_6.5.7_450bps_modbases_5mc_cg_sup_prom_pass.bam', 's3://human-pangenomics/working/HPRC/HG04204/raw_data/nanopore/guppy_6/08_10_21_R941_HG04204_2_Guppy_6.5.7_450bps_modbases_5mc_cg_sup_prom_pass.bam', 's3://human-pangenomics/working/HPRC/HG04204/raw_data/nanopore/guppy_6/08_10_21_R941_HG04204_3_Guppy_6.5.7_450bps_modbases_5mc_cg_sup_prom_pass.bam']",3,58.22,"[28.35, 21.51, 8.36]",21,R941,16000,https://raw.githubusercontent.com/mobinasri/flagger/refs/heads/main/misc/alpha_tsv/ONT_R941_Guppy6.3.7/alpha_optimum_trunc_exp_gaussian_w_16000_n_50.ONT_R941_Guppy6.3.7_DEC_2024.v1.1.0.tsv
HG04225,"['s3://human-pangenomics/working/HPRC/HG04225/raw_data/nanopore/dorado0.6.0_sup4.3.0_5mCG_5hmCG/10_10_23_R1041_HPRC_HG04225_2_dorado0.6.0_sup4.3.0_5mCG_5hmCG.bam', 's3://human-pangenomics/working/HPRC/HG04225/raw_data/nanopore/dorado0.6.0_sup4.3.0_5mCG_5hmCG/10_10_23_R1041_HPRC_HG04225_1_dorado0.6.0_sup4.3.0_5mCG_5hmCG.bam', 's3://human-pangenomics/working/HPRC/HG04225/raw_data/nanopore/dorado0.6.0_sup4.3.0_5mCG_5hmCG/10_10_23_R1041_HPRC_HG04225_3_dorado0.6.0_sup4.3.0_5mCG_5hmCG.bam']",3,54.62,21,lr:hqae,25,"['s3://human-pangenomics/working/HPRC/HG04225/raw_data/nanopore/dorado0.6.0_sup4.3.0_5mCG_5hmCG/10_10_23_R1041_HPRC_HG04225_2_dorado0.6.0_sup4.3.0_5mCG_5hmCG.bam', 's3://human-pangenomics/working/HPRC/HG04225/raw_data/nanopore/dorado0.6.0_sup4.3.0_5mCG_5hmCG/10_10_23_R1041_HPRC_HG04225_3_dorado0.6.0_sup4.3.0_5mCG_5hmCG.bam', 's3://human-pangenomics/working/HPRC/HG04225/raw_data/nanopore/dorado0.6.0_sup4.3.0_5mCG_5hmCG/10_10_23_R1041_HPRC_HG04225_1_dorado0.6.0_sup4.3.0_5mCG_5hmCG.bam']",3,54.62,"[19.92, 16.04, 18.66]",21,R1041,8000,https://raw.githubusercontent.com/mobinasri/flagger/refs/heads/main/misc/alpha_tsv/ONT_R1041_Dorado/alpha_optimum_trunc_exp_gaussian_w_8000_n_50.ONT_R1041_Dorado_DEC_2024.v1.1.0.tsv
HG04228,"['s3://human-pangenomics/working/HPRC/HG04228/raw_data/nanopore/guppy_6/08_10_21_R941_HG04228_1_Guppy_6.5.7_450bps_modbases_5mc_cg_sup_prom_pass.bam', 's3://human-pangenomics/working/HPRC/HG04228/raw_data/nanopore/guppy_6/08_10_21_R941_HG04228_3_Guppy_6.5.7_450bps_modbases_5mc_cg_sup_prom_pass.bam', 's3://human-pangenomics/working/HPRC/HG04228/raw_data/nanopore/guppy_6/08_10_21_R941_HG04228_2_Guppy_6.5.7_450bps_modbases_5mc_cg_sup_prom_pass.bam']",3,72.29,21,map-ont,15,"['s3://human-pangenomics/working/HPRC/HG04228/raw_data/nanopore/guppy_6/08_10_21_R941_HG04228_1_Guppy_6.5.7_450bps_modbases_5mc_cg_sup_prom_pass.bam', 's3://human-pangenomics/working/HPRC/HG04228/raw_data/nanopore/guppy_6/08_10_21_R941_HG04228_2_Guppy_6.5.7_450bps_modbases_5mc_cg_sup_prom_pass.bam', 's3://human-pangenomics/working/HPRC/HG04228/raw_data/nanopore/guppy_6/08_10_21_R941_HG04228_3_Guppy_6.5.7_450bps_modbases_5mc_cg_sup_prom_pass.bam']",3,72.29,"[30.32, 15.02, 26.95]",21,R941,16000,https://raw.githubusercontent.com/mobinasri/flagger/refs/heads/main/misc/alpha_tsv/ONT_R941_Guppy6.3.7/alpha_optimum_trunc_exp_gaussian_w_16000_n_50.ONT_R941_Guppy6.3.7_DEC_2024.v1.1.0.tsv
NA18505,"['s3://human-pangenomics/working/HPRC/NA18505/raw_data/nanopore/dorado0.6.0_sup4.3.0_5mCG_5hmCG/10_24_23_R1041_HPRC_NA18505_3_dorado0.6.0_sup4.3.0_5mCG_5hmCG.bam', 's3://human-pangenomics/working/HPRC/NA18505/raw_data/nanopore/dorado0.6.0_sup4.3.0_5mCG_5hmCG/10_24_23_R1041_HPRC_NA18505_1_dorado0.6.0_sup4.3.0_5mCG_5hmCG.bam', 's3://human-pangenomics/working/HPRC/NA18505/raw_data/nanopore/dorado0.6.0_sup4.3.0_5mCG_5hmCG/10_24_23_R1041_HPRC_NA18505_2_dorado0.6.0_sup4.3.0_5mCG_5hmCG.bam']",3,74.89,21,lr:hqae,25,"['s3://human-pangenomics/working/HPRC/NA18505/raw_data/nanopore/dorado0.6.0_sup4.3.0_5mCG_5hmCG/10_24_23_R1041_HPRC_NA18505_4_dorado0.6.0_sup4.3.0_5mCG_5hmCG.bam', 's3://human-pangenomics/working/HPRC/NA18505/raw_data/nanopore/dorado0.6.0_sup4.3.0_5mCG_5hmCG/10_24_23_R1041_HPRC_NA18505_1_dorado0.6.0_sup4.3.0_5mCG_5hmCG.bam', 's3://human-pangenomics/working/HPRC/NA18505/raw_data/nanopore/dorado0.6.0_sup4.3.0_5mCG_5hmCG/10_24_23_R1041_HPRC_NA18505_3_dorado0.6.0_sup4.3.0_5mCG_5hmCG.bam', 's3://human-pangenomics/working/HPRC/NA18505/raw_data/nanopore/dorado0.6.0_sup4.3.0_5mCG_5hmCG/10_24_23_R1041_HPRC_NA18505_2_dorado0.6.0_sup4.3.0_5mCG_5hmCG.bam']",4,80.43,"[5.54, 24.02, 33.45, 17.42]",16,R1041,8000,https://raw.githubusercontent.com/mobinasri/flagger/refs/heads/main/misc/alpha_tsv/ONT_R1041_Dorado/alpha_optimum_trunc_exp_gaussian_w_8000_n_50.ONT_R1041_Dorado_DEC_2024.v1.1.0.tsv
NA18508,"['s3://human-pangenomics/working/HPRC/NA18508/raw_data/nanopore/dorado0.6.0_sup4.3.0_5mCG_5hmCG/09_12_23_R1041_HPRC_NA18508_3_dorado0.6.0_sup4.3.0_5mCG_5hmCG.bam', 's3://human-pangenomics/working/HPRC/NA18508/raw_data/nanopore/dorado0.6.0_sup4.3.0_5mCG_5hmCG/09_12_23_R1041_HPRC_NA18508_2_dorado0.6.0_sup4.3.0_5mCG_5hmCG.bam', 's3://human-pangenomics/working/HPRC/NA18508/raw_data/nanopore/dorado0.6.0_sup4.3.0_5mCG_5hmCG/09_12_23_R1041_HPRC_NA18508_1_dorado0.6.0_sup4.3.0_5mCG_5hmCG.bam']",3,79.7,21,lr:hqae,25,"['s3://human-pangenomics/working/HPRC/NA18508/raw_data/nanopore/dorado0.6.0_sup4.3.0_5mCG_5hmCG/09_12_23_R1041_HPRC_NA18508_1_dorado0.6.0_sup4.3.0_5mCG_5hmCG.bam', 's3://human-pangenomics/working/HPRC/NA18508/raw_data/nanopore/dorado0.6.0_sup4.3.0_5mCG_5hmCG/09_12_23_R1041_HPRC_NA18508_3_dorado0.6.0_sup4.3.0_5mCG_5hmCG.bam', 's3://human-pangenomics/working/HPRC/NA18508/raw_data/nanopore/dorado0.6.0_sup4.3.0_5mCG_5hmCG/09_12_23_R1041_HPRC_NA18508_2_dorado0.6.0_sup4.3.0_5mCG_5hmCG.bam']",3,79.7,"[23.89, 28.38, 27.43]",21,R1041,8000,https://raw.githubusercontent.com/mobinasri/flagger/refs/heads/main/misc/alpha_tsv/ONT_R1041_Dorado/alpha_optimum_trunc_exp_gaussian_w_8000_n_50.ONT_R1041_Dorado_DEC_2024.v1.1.0.tsv
NA18523,"['s3://human-pangenomics/working/HPRC/NA18523/raw_data/nanopore/dorado0.6.0_sup4.3.0_5mCG_5hmCG/10_10_23_R1041_HPRC_NA18523_2_dorado0.6.0_sup4.3.0_5mCG_5hmCG.bam', 's3://human-pangenomics/working/HPRC/NA18523/raw_data/nanopore/dorado0.6.0_sup4.3.0_5mCG_5hmCG/10_10_23_R1041_HPRC_NA18523_1_dorado0.6.0_sup4.3.0_5mCG_5hmCG.bam', 's3://human-pangenomics/working/HPRC/NA18523/raw_data/nanopore/dorado0.6.0_sup4.3.0_5mCG_5hmCG/10_10_23_R1041_HPRC_NA18523_3_dorado0.6.0_sup4.3.0_5mCG_5hmCG.bam']",3,47.3,21,lr:hqae,25,"['s3://human-pangenomics/working/HPRC/NA18523/raw_data/nanopore/dorado0.6.0_sup4.3.0_5mCG_5hmCG/10_10_23_R1041_HPRC_NA18523_1_dorado0.6.0_sup4.3.0_5mCG_5hmCG.bam', 's3://human-pangenomics/working/HPRC/NA18523/raw_data/nanopore/dorado0.6.0_sup4.3.0_5mCG_5hmCG/10_10_23_R1041_HPRC_NA18523_3_dorado0.6.0_sup4.3.0_5mCG_5hmCG.bam', 's3://human-pangenomics/working/HPRC/NA18523/raw_data/nanopore/dorado0.6.0_sup4.3.0_5mCG_5hmCG/10_10_23_R1041_HPRC_NA18523_2_dorado0.6.0_sup4.3.0_5mCG_5hmCG.bam']",3,47.3,"[15.41, 15.05, 16.84]",21,R1041,8000,https://raw.githubusercontent.com/mobinasri/flagger/refs/heads/main/misc/alpha_tsv/ONT_R1041_Dorado/alpha_optimum_trunc_exp_gaussian_w_8000_n_50.ONT_R1041_Dorado_DEC_2024.v1.1.0.tsv
NA18565,"['s3://human-pangenomics/working/HPRC/NA18565/raw_data/nanopore/dorado0.6.0_sup4.3.0_5mCG_5hmCG/10_10_23_R1041_HPRC_NA18565_5_dorado0.6.0_sup4.3.0_5mCG_5hmCG.bam', 's3://human-pangenomics/working/HPRC/NA18565/raw_data/nanopore/dorado0.6.0_sup4.3.0_5mCG_5hmCG/10_10_23_R1041_HPRC_NA18565_4_dorado0.6.0_sup4.3.0_5mCG_5hmCG.bam', 's3://human-pangenomics/working/HPRC/NA18565/raw_data/nanopore/dorado0.6.0_sup4.3.0_5mCG_5hmCG/10_10_23_R1041_HPRC_NA18565_6_dorado0.6.0_sup4.3.0_5mCG_5hmCG.bam', 's3://human-pangenomics/working/HPRC/NA18565/raw_data/nanopore/dorado0.6.0_sup4.3.0_5mCG_5hmCG/10_10_23_R1041_HPRC_NA18565_3_dorado0.6.0_sup4.3.0_5mCG_5hmCG.bam', 's3://human-pangenomics/working/HPRC/NA18565/raw_data/nanopore/dorado0.6.0_sup4.3.0_5mCG_5hmCG/10_10_23_R1041_HPRC_NA18565_2_dorado0.6.0_sup4.3.0_5mCG_5hmCG.bam', 's3://human-pangenomics/working/HPRC/NA18565/raw_data/nanopore/dorado0.6.0_sup4.3.0_5mCG_5hmCG/10_10_23_R1041_HPRC_NA18565_1_dorado0.6.0_sup4.3.0_5mCG_5hmCG.bam']",6,59.56,10,lr:hqae,25,"['s3://human-pangenomics/working/HPRC/NA18565/raw_data/nanopore/dorado0.6.0_sup4.3.0_5mCG_5hmCG/10_10_23_R1041_HPRC_NA18565_3_dorado0.6.0_sup4.3.0_5mCG_5hmCG.bam', 's3://human-pangenomics/working/HPRC/NA18565/raw_data/nanopore/dorado0.6.0_sup4.3.0_5mCG_5hmCG/10_10_23_R1041_HPRC_NA18565_6_dorado0.6.0_sup4.3.0_5mCG_5hmCG.bam', 's3://human-pangenomics/working/HPRC/NA18565/raw_data/nanopore/dorado0.6.0_sup4.3.0_5mCG_5hmCG/10_10_23_R1041_HPRC_NA18565_2_dorado0.6.0_sup4.3.0_5mCG_5hmCG.bam', 's3://human-pangenomics/working/HPRC/NA18565/raw_data/nanopore/dorado0.6.0_sup4.3.0_5mCG_5hmCG/10_10_23_R1041_HPRC_NA18565_4_dorado0.6.0_sup4.3.0_5mCG_5hmCG.bam', 's3://human-pangenomics/working/HPRC/NA18565/raw_data/nanopore/dorado0.6.0_sup4.3.0_5mCG_5hmCG/10_10_23_R1041_HPRC_NA18565_1_dorado0.6.0_sup4.3.0_5mCG_5hmCG.bam', 's3://human-pangenomics/working/HPRC/NA18565/raw_data/nanopore/dorado0.6.0_sup4.3.0_5mCG_5hmCG/10_10_23_R1041_HPRC_NA18565_5_dorado0.6.0_sup4.3.0_5mCG_5hmCG.bam']",6,59.56,"[0.6, 17.99, 0.35, 18.51, 0.35, 21.76]",10,R1041,8000,https://raw.githubusercontent.com/mobinasri/flagger/refs/heads/main/misc/alpha_tsv/ONT_R1041_Dorado/alpha_optimum_trunc_exp_gaussian_w_8000_n_50.ONT_R1041_Dorado_DEC_2024.v1.1.0.tsv
NA18608,"['s3://human-pangenomics/working/HPRC/NA18608/raw_data/nanopore/dorado0.6.0_sup4.3.0_5mCG_5hmCG/10_31_23_R1041_HPRC_NA18608_1_dorado0.6.0_sup4.3.0_5mCG_5hmCG.bam', 's3://human-pangenomics/working/HPRC/NA18608/raw_data/nanopore/dorado0.6.0_sup4.3.0_5mCG_5hmCG/10_31_23_R1041_HPRC_NA18608_2_dorado0.6.0_sup4.3.0_5mCG_5hmCG.bam', 's3://human-pangenomics/working/HPRC/NA18608/raw_data/nanopore/dorado0.6.0_sup4.3.0_5mCG_5hmCG/10_31_23_R1041_HPRC_NA18608_3_dorado0.6.0_sup4.3.0_5mCG_5hmCG.bam']",3,76.8,21,lr:hqae,25,"['s3://human-pangenomics/working/HPRC/NA18608/raw_data/nanopore/dorado0.6.0_sup4.3.0_5mCG_5hmCG/10_31_23_R1041_HPRC_NA18608_1_dorado0.6.0_sup4.3.0_5mCG_5hmCG.bam', 's3://human-pangenomics/working/HPRC/NA18608/raw_data/nanopore/dorado0.6.0_sup4.3.0_5mCG_5hmCG/10_31_23_R1041_HPRC_NA18608_2_dorado0.6.0_sup4.3.0_5mCG_5hmCG.bam', 's3://human-pangenomics/working/HPRC/NA18608/raw_data/nanopore/dorado0.6.0_sup4.3.0_5mCG_5hmCG/10_31_23_R1041_HPRC_NA18608_3_dorado0.6.0_sup4.3.0_5mCG_5hmCG.bam']",3,76.8,"[29.07, 26.14, 21.59]",21,R1041,8000,https://raw.githubusercontent.com/mobinasri/flagger/refs/heads/main/misc/alpha_tsv/ONT_R1041_Dorado/alpha_optimum_trunc_exp_gaussian_w_8000_n_50.ONT_R1041_Dorado_DEC_2024.v1.1.0.tsv
NA18620,"['s3://human-pangenomics/working/HPRC/NA18620/raw_data/nanopore/dorado0.6.0_sup4.3.0_5mCG_5hmCG/01_16_24_R1041_HPRC_NA18620_3_dorado0.6.0_sup4.3.0_5mCG_5hmCG.bam', 's3://human-pangenomics/working/HPRC/NA18620/raw_data/nanopore/dorado0.6.0_sup4.3.0_5mCG_5hmCG/01_16_24_R1041_HPRC_NA18620_1_dorado0.6.0_sup4.3.0_5mCG_5hmCG.bam', 's3://human-pangenomics/working/HPRC/NA18620/raw_data/nanopore/dorado0.6.0_sup4.3.0_5mCG_5hmCG/01_16_24_R1041_HPRC_NA18620_2_dorado0.6.0_sup4.3.0_5mCG_5hmCG.bam']",3,74.77,21,lr:hqae,25,"['s3://human-pangenomics/working/HPRC/NA18620/raw_data/nanopore/dorado0.6.0_sup4.3.0_5mCG_5hmCG/01_16_24_R1041_HPRC_NA18620_2_dorado0.6.0_sup4.3.0_5mCG_5hmCG.bam', 's3://human-pangenomics/working/HPRC/NA18620/raw_data/nanopore/dorado0.6.0_sup4.3.0_5mCG_5hmCG/11_14_23_R1041_HPRC_NA18620_1_dorado0.6.0_sup4.3.0_5mCG_5hmCG.bam', 's3://human-pangenomics/working/HPRC/NA18620/raw_data/nanopore/dorado0.6.0_sup4.3.0_5mCG_5hmCG/01_16_24_R1041_HPRC_NA18620_3_dorado0.6.0_sup4.3.0_5mCG_5hmCG.bam', 's3://human-pangenomics/working/HPRC/NA18620/raw_data/nanopore/dorado0.6.0_sup4.3.0_5mCG_5hmCG/01_16_24_R1041_HPRC_NA18620_1_dorado0.6.0_sup4.3.0_5mCG_5hmCG.bam', 's3://human-pangenomics/working/HPRC/NA18620/raw_data/nanopore/dorado0.6.0_sup4.3.0_5mCG_5hmCG/11_14_23_R1041_HPRC_NA18620_2_dorado0.6.0_sup4.3.0_5mCG_5hmCG.bam', 's3://human-pangenomics/working/HPRC/NA18620/raw_data/nanopore/dorado0.6.0_sup4.3.0_5mCG_5hmCG/11_14_23_R1041_HPRC_NA18620_3_dorado0.6.0_sup4.3.0_5mCG_5hmCG.bam']",6,78.69,"[23.06, 2.2, 27.46, 24.25, 0.85, 0.87]",10,R1041,8000,https://raw.githubusercontent.com/mobinasri/flagger/refs/heads/main/misc/alpha_tsv/ONT_R1041_Dorado/alpha_optimum_trunc_exp_gaussian_w_8000_n_50.ONT_R1041_Dorado_DEC_2024.v1.1.0.tsv
NA18638,"['s3://human-pangenomics/working/HPRC/NA18638/raw_data/nanopore/dorado0.6.0_sup4.3.0_5mCG_5hmCG/10_17_23_R1041_HPRC_NA18638_2_dorado0.6.0_sup4.3.0_5mCG_5hmCG.bam', 's3://human-pangenomics/working/HPRC/NA18638/raw_data/nanopore/dorado0.6.0_sup4.3.0_5mCG_5hmCG/10_17_23_R1041_HPRC_NA18638_1_dorado0.6.0_sup4.3.0_5mCG_5hmCG.bam', 's3://human-pangenomics/working/HPRC/NA18638/raw_data/nanopore/dorado0.6.0_sup4.3.0_5mCG_5hmCG/10_17_23_R1041_HPRC_NA18638_3_dorado0.6.0_sup4.3.0_5mCG_5hmCG.bam']",3,63.79,21,lr:hqae,25,"['s3://human-pangenomics/working/HPRC/NA18638/raw_data/nanopore/dorado0.6.0_sup4.3.0_5mCG_5hmCG/10_17_23_R1041_HPRC_NA18638_3_dorado0.6.0_sup4.3.0_5mCG_5hmCG.bam', 's3://human-pangenomics/working/HPRC/NA18638/raw_data/nanopore/dorado0.6.0_sup4.3.0_5mCG_5hmCG/10_17_23_R1041_HPRC_NA18638_2_dorado0.6.0_sup4.3.0_5mCG_5hmCG.bam', 's3://human-pangenomics/working/HPRC/NA18638/raw_data/nanopore/dorado0.6.0_sup4.3.0_5mCG_5hmCG/10_17_23_R1041_HPRC_NA18638_1_dorado0.6.0_sup4.3.0_5mCG_5hmCG.bam']",3,63.79,"[19.82, 23.2, 20.77]",21,R1041,8000,https://raw.githubusercontent.com/mobinasri/flagger/refs/heads/main/misc/alpha_tsv/ONT_R1041_Dorado/alpha_optimum_trunc_exp_gaussian_w_8000_n_50.ONT_R1041_Dorado_DEC_2024.v1.1.0.tsv
NA18871,"['s3://human-pangenomics/working/HPRC/NA18871/raw_data/nanopore/dorado0.6.0_sup4.3.0_5mCG_5hmCG/09_12_23_R1041_HPRC_NA18871_3_dorado0.6.0_sup4.3.0_5mCG_5hmCG.bam', 's3://human-pangenomics/working/HPRC/NA18871/raw_data/nanopore/dorado0.6.0_sup4.3.0_5mCG_5hmCG/09_12_23_R1041_HPRC_NA18871_1_dorado0.6.0_sup4.3.0_5mCG_5hmCG.bam', 's3://human-pangenomics/working/HPRC/NA18871/raw_data/nanopore/dorado0.6.0_sup4.3.0_5mCG_5hmCG/09_12_23_R1041_HPRC_NA18871_2_dorado0.6.0_sup4.3.0_5mCG_5hmCG.bam']",3,54.01,21,lr:hqae,25,"['s3://human-pangenomics/working/HPRC/NA18871/raw_data/nanopore/dorado0.6.0_sup4.3.0_5mCG_5hmCG/09_12_23_R1041_HPRC_NA18871_1_dorado0.6.0_sup4.3.0_5mCG_5hmCG.bam', 's3://human-pangenomics/working/HPRC/NA18871/raw_data/nanopore/dorado0.6.0_sup4.3.0_5mCG_5hmCG/09_12_23_R1041_HPRC_NA18871_2_dorado0.6.0_sup4.3.0_5mCG_5hmCG.bam', 's3://human-pangenomics/working/HPRC/NA18871/raw_data/nanopore/dorado0.6.0_sup4.3.0_5mCG_5hmCG/09_12_23_R1041_HPRC_NA18871_3_dorado0.6.0_sup4.3.0_5mCG_5hmCG.bam']",3,54.01,"[17.28, 16.46, 20.27]",21,R1041,8000,https://raw.githubusercontent.com/mobinasri/flagger/refs/heads/main/misc/alpha_tsv/ONT_R1041_Dorado/alpha_optimum_trunc_exp_gaussian_w_8000_n_50.ONT_R1041_Dorado_DEC_2024.v1.1.0.tsv
NA18879,"['s3://human-pangenomics/working/HPRC/NA18879/raw_data/nanopore/dorado0.6.0_sup4.3.0_5mCG_5hmCG/08_08_23_R1041_HPRC_NA18879_2_dorado0.6.0_sup4.3.0_5mCG_5hmCG.bam', 's3://human-pangenomics/working/HPRC/NA18879/raw_data/nanopore/dorado0.6.0_sup4.3.0_5mCG_5hmCG/08_08_23_R1041_HPRC_NA18879_1_dorado0.6.0_sup4.3.0_5mCG_5hmCG.bam', 's3://human-pangenomics/working/HPRC/NA18879/raw_data/nanopore/dorado0.6.0_sup4.3.0_5mCG_5hmCG/08_08_23_R1041_HPRC_NA18879_3_dorado0.6.0_sup4.3.0_5mCG_5hmCG.bam']",3,54.67,21,lr:hqae,25,"['s3://human-pangenomics/working/HPRC/NA18879/raw_data/nanopore/dorado0.6.0_sup4.3.0_5mCG_5hmCG/08_08_23_R1041_HPRC_NA18879_2_dorado0.6.0_sup4.3.0_5mCG_5hmCG.bam', 's3://human-pangenomics/working/HPRC/NA18879/raw_data/nanopore/dorado0.6.0_sup4.3.0_5mCG_5hmCG/08_08_23_R1041_HPRC_NA18879_3_dorado0.6.0_sup4.3.0_5mCG_5hmCG.bam', 's3://human-pangenomics/working/HPRC/NA18879/raw_data/nanopore/dorado0.6.0_sup4.3.0_5mCG_5hmCG/08_08_23_R1041_HPRC_NA18879_1_dorado0.6.0_sup4.3.0_5mCG_5hmCG.bam']",3,54.67,"[18.49, 17.84, 18.34]",21,R1041,8000,https://raw.githubusercontent.com/mobinasri/flagger/refs/heads/main/misc/alpha_tsv/ONT_R1041_Dorado/alpha_optimum_trunc_exp_gaussian_w_8000_n_50.ONT_R1041_Dorado_DEC_2024.v1.1.0.tsv
NA18952,"['s3://human-pangenomics/working/HPRC/NA18952/raw_data/nanopore/dorado0.6.0_sup4.3.0_5mCG_5hmCG/11_28_23_R1041_HPRC_NA18952_1_dorado0.6.0_sup4.3.0_5mCG_5hmCG.bam', 's3://human-pangenomics/working/HPRC/NA18952/raw_data/nanopore/dorado0.6.0_sup4.3.0_5mCG_5hmCG/11_28_23_R1041_HPRC_NA18952_2_dorado0.6.0_sup4.3.0_5mCG_5hmCG.bam', 's3://human-pangenomics/working/HPRC/NA18952/raw_data/nanopore/dorado0.6.0_sup4.3.0_5mCG_5hmCG/11_28_23_R1041_HPRC_NA18952_3_dorado0.6.0_sup4.3.0_5mCG_5hmCG.bam']",3,76.06,21,lr:hqae,25,"['s3://human-pangenomics/working/HPRC/NA18952/raw_data/nanopore/dorado0.6.0_sup4.3.0_5mCG_5hmCG/11_28_23_R1041_HPRC_NA18952_1_dorado0.6.0_sup4.3.0_5mCG_5hmCG.bam', 's3://human-pangenomics/working/HPRC/NA18952/raw_data/nanopore/dorado0.6.0_sup4.3.0_5mCG_5hmCG/11_28_23_R1041_HPRC_NA18952_2_dorado0.6.0_sup4.3.0_5mCG_5hmCG.bam', 's3://human-pangenomics/working/HPRC/NA18952/raw_data/nanopore/dorado0.6.0_sup4.3.0_5mCG_5hmCG/11_28_23_R1041_HPRC_NA18952_3_dorado0.6.0_sup4.3.0_5mCG_5hmCG.bam']",3,76.06,"[26.48, 25.49, 24.09]",21,R1041,8000,https://raw.githubusercontent.com/mobinasri/flagger/refs/heads/main/misc/alpha_tsv/ONT_R1041_Dorado/alpha_optimum_trunc_exp_gaussian_w_8000_n_50.ONT_R1041_Dorado_DEC_2024.v1.1.0.tsv
NA18974,"['s3://human-pangenomics/working/HPRC/NA18974/raw_data/nanopore/dorado0.6.0_sup4.3.0_5mCG_5hmCG/11_28_23_R1041_HPRC_NA18974_2_dorado0.6.0_sup4.3.0_5mCG_5hmCG.bam', 's3://human-pangenomics/working/HPRC/NA18974/raw_data/nanopore/dorado0.6.0_sup4.3.0_5mCG_5hmCG/11_28_23_R1041_HPRC_NA18974_1_dorado0.6.0_sup4.3.0_5mCG_5hmCG.bam', 's3://human-pangenomics/working/HPRC/NA18974/raw_data/nanopore/dorado0.6.0_sup4.3.0_5mCG_5hmCG/11_28_23_R1041_HPRC_NA18974_4_dorado0.6.0_sup4.3.0_5mCG_5hmCG.bam']",3,71.9,21,lr:hqae,25,"['s3://human-pangenomics/working/HPRC/NA18974/raw_data/nanopore/dorado0.6.0_sup4.3.0_5mCG_5hmCG/11_28_23_R1041_HPRC_NA18974_3_dorado0.6.0_sup4.3.0_5mCG_5hmCG.bam', 's3://human-pangenomics/working/HPRC/NA18974/raw_data/nanopore/dorado0.6.0_sup4.3.0_5mCG_5hmCG/11_28_23_R1041_HPRC_NA18974_2_dorado0.6.0_sup4.3.0_5mCG_5hmCG.bam', 's3://human-pangenomics/working/HPRC/NA18974/raw_data/nanopore/dorado0.6.0_sup4.3.0_5mCG_5hmCG/11_28_23_R1041_HPRC_NA18974_4_dorado0.6.0_sup4.3.0_5mCG_5hmCG.bam', 's3://human-pangenomics/working/HPRC/NA18974/raw_data/nanopore/dorado0.6.0_sup4.3.0_5mCG_5hmCG/11_28_23_R1041_HPRC_NA18974_1_dorado0.6.0_sup4.3.0_5mCG_5hmCG.bam']",4,85.2,"[13.3, 27.71, 19.03, 25.16]",16,R1041,8000,https://raw.githubusercontent.com/mobinasri/flagger/refs/heads/main/misc/alpha_tsv/ONT_R1041_Dorado/alpha_optimum_trunc_exp_gaussian_w_8000_n_50.ONT_R1041_Dorado_DEC_2024.v1.1.0.tsv
NA18976,"['s3://human-pangenomics/working/HPRC/NA18976/raw_data/nanopore/dorado0.6.0_sup4.3.0_5mCG_5hmCG/12_12_23_R1041_HPRC_NA18976_3_dorado0.6.0_sup4.3.0_5mCG_5hmCG.bam', 's3://human-pangenomics/working/HPRC/NA18976/raw_data/nanopore/dorado0.6.0_sup4.3.0_5mCG_5hmCG/12_12_23_R1041_HPRC_NA18976_1_dorado0.6.0_sup4.3.0_5mCG_5hmCG.bam', 's3://human-pangenomics/working/HPRC/NA18976/raw_data/nanopore/dorado0.6.0_sup4.3.0_5mCG_5hmCG/12_12_23_R1041_HPRC_NA18976_2_dorado0.6.0_sup4.3.0_5mCG_5hmCG.bam']",3,64.83,21,lr:hqae,25,"['s3://human-pangenomics/working/HPRC/NA18976/raw_data/nanopore/dorado0.6.0_sup4.3.0_5mCG_5hmCG/12_12_23_R1041_HPRC_NA18976_2_dorado0.6.0_sup4.3.0_5mCG_5hmCG.bam', 's3://human-pangenomics/working/HPRC/NA18976/raw_data/nanopore/dorado0.6.0_sup4.3.0_5mCG_5hmCG/12_12_23_R1041_HPRC_NA18976_3_dorado0.6.0_sup4.3.0_5mCG_5hmCG.bam', 's3://human-pangenomics/working/HPRC/NA18976/raw_data/nanopore/dorado0.6.0_sup4.3.0_5mCG_5hmCG/12_12_23_R1041_HPRC_NA18976_1_dorado0.6.0_sup4.3.0_5mCG_5hmCG.bam']",3,64.83,"[16.97, 23.93, 23.93]",21,R1041,8000,https://raw.githubusercontent.com/mobinasri/flagger/refs/heads/main/misc/alpha_tsv/ONT_R1041_Dorado/alpha_optimum_trunc_exp_gaussian_w_8000_n_50.ONT_R1041_Dorado_DEC_2024.v1.1.0.tsv
NA19012,"['s3://human-pangenomics/working/HPRC/NA19012/raw_data/nanopore/dorado0.6.0_sup4.3.0_5mCG_5hmCG/01_16_24_R1041_HPRC_NA19012_2_dorado0.6.0_sup4.3.0_5mCG_5hmCG.bam', 's3://human-pangenomics/working/HPRC/NA19012/raw_data/nanopore/dorado0.6.0_sup4.3.0_5mCG_5hmCG/01_16_24_R1041_HPRC_NA19012_3_dorado0.6.0_sup4.3.0_5mCG_5hmCG.bam', 's3://human-pangenomics/working/HPRC/NA19012/raw_data/nanopore/dorado0.6.0_sup4.3.0_5mCG_5hmCG/01_16_24_R1041_HPRC_NA19012_1_dorado0.6.0_sup4.3.0_5mCG_5hmCG.bam']",3,71.77,21,lr:hqae,25,"['s3://human-pangenomics/working/HPRC/NA19012/raw_data/nanopore/dorado0.6.0_sup4.3.0_5mCG_5hmCG/01_16_24_R1041_HPRC_NA19012_2_dorado0.6.0_sup4.3.0_5mCG_5hmCG.bam', 's3://human-pangenomics/working/HPRC/NA19012/raw_data/nanopore/dorado0.6.0_sup4.3.0_5mCG_5hmCG/10_10_23_R1041_HPRC_NA19012_1_dorado0.6.0_sup4.3.0_5mCG_5hmCG.bam', 's3://human-pangenomics/working/HPRC/NA19012/raw_data/nanopore/dorado0.6.0_sup4.3.0_5mCG_5hmCG/01_16_24_R1041_HPRC_NA19012_3_dorado0.6.0_sup4.3.0_5mCG_5hmCG.bam', 's3://human-pangenomics/working/HPRC/NA19012/raw_data/nanopore/dorado0.6.0_sup4.3.0_5mCG_5hmCG/10_10_23_R1041_HPRC_NA19012_3_dorado0.6.0_sup4.3.0_5mCG_5hmCG.bam', 's3://human-pangenomics/working/HPRC/NA19012/raw_data/nanopore/dorado0.6.0_sup4.3.0_5mCG_5hmCG/01_16_24_R1041_HPRC_NA19012_1_dorado0.6.0_sup4.3.0_5mCG_5hmCG.bam', 's3://human-pangenomics/working/HPRC/NA19012/raw_data/nanopore/dorado0.6.0_sup4.3.0_5mCG_5hmCG/10_10_23_R1041_HPRC_NA19012_2_dorado0.6.0_sup4.3.0_5mCG_5hmCG.bam']",6,82.66,"[28.75, 4.06, 22.36, 2.36, 20.66, 4.47]",10,R1041,8000,https://raw.githubusercontent.com/mobinasri/flagger/refs/heads/main/misc/alpha_tsv/ONT_R1041_Dorado/alpha_optimum_trunc_exp_gaussian_w_8000_n_50.ONT_R1041_Dorado_DEC_2024.v1.1.0.tsv
NA19036,"['s3://human-pangenomics/working/HPRC/NA19036/raw_data/nanopore/dorado0.6.0_sup4.3.0_5mCG_5hmCG/12_05_23_R1041_HPRC_NA19036_1_dorado0.6.0_sup4.3.0_5mCG_5hmCG.bam', 's3://human-pangenomics/working/HPRC/NA19036/raw_data/nanopore/dorado0.6.0_sup4.3.0_5mCG_5hmCG/01_23_24_R1041_HPRC_NA19036_1_dorado0.6.0_sup4.3.0_5mCG_5hmCG.bam', 's3://human-pangenomics/working/HPRC/NA19036/raw_data/nanopore/dorado0.6.0_sup4.3.0_5mCG_5hmCG/12_05_23_R1041_HPRC_NA19036_3_dorado0.6.0_sup4.3.0_5mCG_5hmCG.bam', 's3://human-pangenomics/working/HPRC/NA19036/raw_data/nanopore/dorado0.6.0_sup4.3.0_5mCG_5hmCG/12_05_23_R1041_HPRC_NA19036_2_dorado0.6.0_sup4.3.0_5mCG_5hmCG.bam']",4,71.29,16,lr:hqae,25,"['s3://human-pangenomics/working/HPRC/NA19036/raw_data/nanopore/dorado0.6.0_sup4.3.0_5mCG_5hmCG/12_05_23_R1041_HPRC_NA19036_2_dorado0.6.0_sup4.3.0_5mCG_5hmCG.bam', 's3://human-pangenomics/working/HPRC/NA19036/raw_data/nanopore/dorado0.6.0_sup4.3.0_5mCG_5hmCG/01_23_24_R1041_HPRC_NA19036_2_dorado0.6.0_sup4.3.0_5mCG_5hmCG.bam', 's3://human-pangenomics/working/HPRC/NA19036/raw_data/nanopore/dorado0.6.0_sup4.3.0_5mCG_5hmCG/12_05_23_R1041_HPRC_NA19036_3_dorado0.6.0_sup4.3.0_5mCG_5hmCG.bam', 's3://human-pangenomics/working/HPRC/NA19036/raw_data/nanopore/dorado0.6.0_sup4.3.0_5mCG_5hmCG/01_23_24_R1041_HPRC_NA19036_3_dorado0.6.0_sup4.3.0_5mCG_5hmCG.bam', 's3://human-pangenomics/working/HPRC/NA19036/raw_data/nanopore/dorado0.6.0_sup4.3.0_5mCG_5hmCG/12_05_23_R1041_HPRC_NA19036_1_dorado0.6.0_sup4.3.0_5mCG_5hmCG.bam', 's3://human-pangenomics/working/HPRC/NA19036/raw_data/nanopore/dorado0.6.0_sup4.3.0_5mCG_5hmCG/01_23_24_R1041_HPRC_NA19036_1_dorado0.6.0_sup4.3.0_5mCG_5hmCG.bam']",6,91.54,"[14.55, 9.55, 16.52, 10.7, 21.29, 18.93]",10,R1041,8000,https://raw.githubusercontent.com/mobinasri/flagger/refs/heads/main/misc/alpha_tsv/ONT_R1041_Dorado/alpha_optimum_trunc_exp_gaussian_w_8000_n_50.ONT_R1041_Dorado_DEC_2024.v1.1.0.tsv
NA19042,"['s3://human-pangenomics/working/HPRC/NA19042/raw_data/nanopore/dorado0.6.0_sup4.3.0_5mCG_5hmCG/01_23_24_R1041_HPRC_NA19042_1_dorado0.6.0_sup4.3.0_5mCG_5hmCG.bam', 's3://human-pangenomics/working/HPRC/NA19042/raw_data/nanopore/dorado0.6.0_sup4.3.0_5mCG_5hmCG/01_23_24_R1041_HPRC_NA19042_2_dorado0.6.0_sup4.3.0_5mCG_5hmCG.bam', 's3://human-pangenomics/working/HPRC/NA19042/raw_data/nanopore/dorado0.6.0_sup4.3.0_5mCG_5hmCG/10_17_23_R1041_HPRC_NA19042_2_dorado0.6.0_sup4.3.0_5mCG_5hmCG.bam', 's3://human-pangenomics/working/HPRC/NA19042/raw_data/nanopore/dorado0.6.0_sup4.3.0_5mCG_5hmCG/10_17_23_R1041_HPRC_NA19042_3_dorado0.6.0_sup4.3.0_5mCG_5hmCG.bam', 's3://human-pangenomics/working/HPRC/NA19042/raw_data/nanopore/dorado0.6.0_sup4.3.0_5mCG_5hmCG/10_17_23_R1041_HPRC_NA19042_1_dorado0.6.0_sup4.3.0_5mCG_5hmCG.bam']",5,65.65,12,lr:hqae,25,"['s3://human-pangenomics/working/HPRC/NA19042/raw_data/nanopore/dorado0.6.0_sup4.3.0_5mCG_5hmCG/10_17_23_R1041_HPRC_NA19042_2_dorado0.6.0_sup4.3.0_5mCG_5hmCG.bam', 's3://human-pangenomics/working/HPRC/NA19042/raw_data/nanopore/dorado0.6.0_sup4.3.0_5mCG_5hmCG/01_23_24_R1041_HPRC_NA19042_1_dorado0.6.0_sup4.3.0_5mCG_5hmCG.bam', 's3://human-pangenomics/working/HPRC/NA19042/raw_data/nanopore/dorado0.6.0_sup4.3.0_5mCG_5hmCG/10_17_23_R1041_HPRC_NA19042_3_dorado0.6.0_sup4.3.0_5mCG_5hmCG.bam', 's3://human-pangenomics/working/HPRC/NA19042/raw_data/nanopore/dorado0.6.0_sup4.3.0_5mCG_5hmCG/10_17_23_R1041_HPRC_NA19042_1_dorado0.6.0_sup4.3.0_5mCG_5hmCG.bam', 's3://human-pangenomics/working/HPRC/NA19042/raw_data/nanopore/dorado0.6.0_sup4.3.0_5mCG_5hmCG/01_23_24_R1041_HPRC_NA19042_2_dorado0.6.0_sup4.3.0_5mCG_5hmCG.bam']",5,65.65,"[10.06, 21.18, 7.8, 5.7, 20.91]",12,R1041,8000,https://raw.githubusercontent.com/mobinasri/flagger/refs/heads/main/misc/alpha_tsv/ONT_R1041_Dorado/alpha_optimum_trunc_exp_gaussian_w_8000_n_50.ONT_R1041_Dorado_DEC_2024.v1.1.0.tsv
NA19099,"['s3://human-pangenomics/working/HPRC/NA19099/raw_data/nanopore/dorado0.6.0_sup4.3.0_5mCG_5hmCG/08_08_23_R1041_HPRC_NA19099_1_dorado0.6.0_sup4.3.0_5mCG_5hmCG.bam', 's3://human-pangenomics/working/HPRC/NA19099/raw_data/nanopore/dorado0.6.0_sup4.3.0_5mCG_5hmCG/08_08_23_R1041_HPRC_NA19099_3_dorado0.6.0_sup4.3.0_5mCG_5hmCG.bam', 's3://human-pangenomics/working/HPRC/NA19099/raw_data/nanopore/dorado0.6.0_sup4.3.0_5mCG_5hmCG/08_08_23_R1041_HPRC_NA19099_2_dorado0.6.0_sup4.3.0_5mCG_5hmCG.bam']",3,63.16,21,lr:hqae,25,"['s3://human-pangenomics/working/HPRC/NA19099/raw_data/nanopore/dorado0.6.0_sup4.3.0_5mCG_5hmCG/08_08_23_R1041_HPRC_NA19099_3_dorado0.6.0_sup4.3.0_5mCG_5hmCG.bam', 's3://human-pangenomics/working/HPRC/NA19099/raw_data/nanopore/dorado0.6.0_sup4.3.0_5mCG_5hmCG/08_08_23_R1041_HPRC_NA19099_2_dorado0.6.0_sup4.3.0_5mCG_5hmCG.bam', 's3://human-pangenomics/working/HPRC/NA19099/raw_data/nanopore/dorado0.6.0_sup4.3.0_5mCG_5hmCG/08_08_23_R1041_HPRC_NA19099_1_dorado0.6.0_sup4.3.0_5mCG_5hmCG.bam']",3,63.16,"[22.2, 16.99, 23.97]",21,R1041,8000,https://raw.githubusercontent.com/mobinasri/flagger/refs/heads/main/misc/alpha_tsv/ONT_R1041_Dorado/alpha_optimum_trunc_exp_gaussian_w_8000_n_50.ONT_R1041_Dorado_DEC_2024.v1.1.0.tsv
NA19131,"['s3://human-pangenomics/working/HPRC/NA19131/raw_data/nanopore/dorado0.6.0_sup4.3.0_5mCG_5hmCG/09_06_23_R1041_HPRC_NA19131_2_dorado0.6.0_sup4.3.0_5mCG_5hmCG.bam', 's3://human-pangenomics/working/HPRC/NA19131/raw_data/nanopore/dorado0.6.0_sup4.3.0_5mCG_5hmCG/09_06_23_R1041_HPRC_NA19131_3_dorado0.6.0_sup4.3.0_5mCG_5hmCG.bam', 's3://human-pangenomics/working/HPRC/NA19131/raw_data/nanopore/dorado0.6.0_sup4.3.0_5mCG_5hmCG/09_06_23_R1041_HPRC_NA19131_1_dorado0.6.0_sup4.3.0_5mCG_5hmCG.bam']",3,82.64,21,lr:hqae,25,"['s3://human-pangenomics/working/HPRC/NA19131/raw_data/nanopore/dorado0.6.0_sup4.3.0_5mCG_5hmCG/09_06_23_R1041_HPRC_NA19131_2_dorado0.6.0_sup4.3.0_5mCG_5hmCG.bam', 's3://human-pangenomics/working/HPRC/NA19131/raw_data/nanopore/dorado0.6.0_sup4.3.0_5mCG_5hmCG/09_06_23_R1041_HPRC_NA19131_3_dorado0.6.0_sup4.3.0_5mCG_5hmCG.bam', 's3://human-pangenomics/working/HPRC/NA19131/raw_data/nanopore/dorado0.6.0_sup4.3.0_5mCG_5hmCG/09_06_23_R1041_HPRC_NA19131_1_dorado0.6.0_sup4.3.0_5mCG_5hmCG.bam']",3,82.64,"[30.26, 26.8, 25.58]",21,R1041,8000,https://raw.githubusercontent.com/mobinasri/flagger/refs/heads/main/misc/alpha_tsv/ONT_R1041_Dorado/alpha_optimum_trunc_exp_gaussian_w_8000_n_50.ONT_R1041_Dorado_DEC_2024.v1.1.0.tsv
NA19175,"['s3://human-pangenomics/working/HPRC/NA19175/raw_data/nanopore/dorado0.6.0_sup4.3.0_5mCG_5hmCG/01_16_24_R1041_HPRC_NA19175_2_dorado0.6.0_sup4.3.0_5mCG_5hmCG.bam', 's3://human-pangenomics/working/HPRC/NA19175/raw_data/nanopore/dorado0.6.0_sup4.3.0_5mCG_5hmCG/01_16_24_R1041_HPRC_NA19175_1_dorado0.6.0_sup4.3.0_5mCG_5hmCG.bam']",2,60.23,32,lr:hqae,25,"['s3://human-pangenomics/working/HPRC/NA19175/raw_data/nanopore/dorado0.6.0_sup4.3.0_5mCG_5hmCG/11_7_23_R1041_HPRC_NA19175_1_dorado0.6.0_sup4.3.0_5mCG_5hmCG.bam', 's3://human-pangenomics/working/HPRC/NA19175/raw_data/nanopore/dorado0.6.0_sup4.3.0_5mCG_5hmCG/01_16_24_R1041_HPRC_NA19175_1_dorado0.6.0_sup4.3.0_5mCG_5hmCG.bam', 's3://human-pangenomics/working/HPRC/NA19175/raw_data/nanopore/dorado0.6.0_sup4.3.0_5mCG_5hmCG/01_16_24_R1041_HPRC_NA19175_3_dorado0.6.0_sup4.3.0_5mCG_5hmCG.bam', 's3://human-pangenomics/working/HPRC/NA19175/raw_data/nanopore/dorado0.6.0_sup4.3.0_5mCG_5hmCG/11_7_23_R1041_HPRC_NA19175_2_dorado0.6.0_sup4.3.0_5mCG_5hmCG.bam', 's3://human-pangenomics/working/HPRC/NA19175/raw_data/nanopore/dorado0.6.0_sup4.3.0_5mCG_5hmCG/01_16_24_R1041_HPRC_NA19175_2_dorado0.6.0_sup4.3.0_5mCG_5hmCG.bam', 's3://human-pangenomics/working/HPRC/NA19175/raw_data/nanopore/dorado0.6.0_sup4.3.0_5mCG_5hmCG/11_7_23_R1041_HPRC_NA19175_3_dorado0.6.0_sup4.3.0_5mCG_5hmCG.bam']",6,93.57,"[1.85, 26.22, 25.67, 3.51, 34.01, 2.31]",10,R1041,8000,https://raw.githubusercontent.com/mobinasri/flagger/refs/heads/main/misc/alpha_tsv/ONT_R1041_Dorado/alpha_optimum_trunc_exp_gaussian_w_8000_n_50.ONT_R1041_Dorado_DEC_2024.v1.1.0.tsv
NA19190,"['s3://human-pangenomics/working/HPRC/NA19190/raw_data/nanopore/dorado0.6.0_sup4.3.0_5mCG_5hmCG/10_24_23_R1041_HPRC_NA19190_1_dorado0.6.0_sup4.3.0_5mCG_5hmCG.bam', 's3://human-pangenomics/working/HPRC/NA19190/raw_data/nanopore/dorado0.6.0_sup4.3.0_5mCG_5hmCG/10_24_23_R1041_HPRC_NA19190_3_dorado0.6.0_sup4.3.0_5mCG_5hmCG.bam', 's3://human-pangenomics/working/HPRC/NA19190/raw_data/nanopore/dorado0.6.0_sup4.3.0_5mCG_5hmCG/10_24_23_R1041_HPRC_NA19190_2_dorado0.6.0_sup4.3.0_5mCG_5hmCG.bam']",3,83.04,21,lr:hqae,25,"['s3://human-pangenomics/working/HPRC/NA19190/raw_data/nanopore/dorado0.6.0_sup4.3.0_5mCG_5hmCG/10_24_23_R1041_HPRC_NA19190_3_dorado0.6.0_sup4.3.0_5mCG_5hmCG.bam', 's3://human-pangenomics/working/HPRC/NA19190/raw_data/nanopore/dorado0.6.0_sup4.3.0_5mCG_5hmCG/10_24_23_R1041_HPRC_NA19190_2_dorado0.6.0_sup4.3.0_5mCG_5hmCG.bam', 's3://human-pangenomics/working/HPRC/NA19190/raw_data/nanopore/dorado0.6.0_sup4.3.0_5mCG_5hmCG/10_24_23_R1041_HPRC_NA19190_4_dorado0.6.0_sup4.3.0_5mCG_5hmCG.bam', 's3://human-pangenomics/working/HPRC/NA19190/raw_data/nanopore/dorado0.6.0_sup4.3.0_5mCG_5hmCG/10_24_23_R1041_HPRC_NA19190_1_dorado0.6.0_sup4.3.0_5mCG_5hmCG.bam']",4,89.6,"[28.02, 26.98, 6.56, 28.04]",16,R1041,8000,https://raw.githubusercontent.com/mobinasri/flagger/refs/heads/main/misc/alpha_tsv/ONT_R1041_Dorado/alpha_optimum_trunc_exp_gaussian_w_8000_n_50.ONT_R1041_Dorado_DEC_2024.v1.1.0.tsv
NA19315,"['s3://human-pangenomics/working/HPRC/NA19315/raw_data/nanopore/dorado0.6.0_sup4.3.0_5mCG_5hmCG/10_17_23_R1041_HPRC_NA19315_3_dorado0.6.0_sup4.3.0_5mCG_5hmCG.bam', 's3://human-pangenomics/working/HPRC/NA19315/raw_data/nanopore/dorado0.6.0_sup4.3.0_5mCG_5hmCG/10_17_23_R1041_HPRC_NA19315_2_dorado0.6.0_sup4.3.0_5mCG_5hmCG.bam', 's3://human-pangenomics/working/HPRC/NA19315/raw_data/nanopore/dorado0.6.0_sup4.3.0_5mCG_5hmCG/10_17_23_R1041_HPRC_NA19315_1_dorado0.6.0_sup4.3.0_5mCG_5hmCG.bam']",3,63.79,21,lr:hqae,25,"['s3://human-pangenomics/working/HPRC/NA19315/raw_data/nanopore/dorado0.6.0_sup4.3.0_5mCG_5hmCG/10_17_23_R1041_HPRC_NA19315_3_dorado0.6.0_sup4.3.0_5mCG_5hmCG.bam', 's3://human-pangenomics/working/HPRC/NA19315/raw_data/nanopore/dorado0.6.0_sup4.3.0_5mCG_5hmCG/10_17_23_R1041_HPRC_NA19315_2_dorado0.6.0_sup4.3.0_5mCG_5hmCG.bam', 's3://human-pangenomics/working/HPRC/NA19315/raw_data/nanopore/dorado0.6.0_sup4.3.0_5mCG_5hmCG/10_17_23_R1041_HPRC_NA19315_1_dorado0.6.0_sup4.3.0_5mCG_5hmCG.bam']",3,63.79,"[25.0, 19.85, 18.94]",21,R1041,8000,https://raw.githubusercontent.com/mobinasri/flagger/refs/heads/main/misc/alpha_tsv/ONT_R1041_Dorado/alpha_optimum_trunc_exp_gaussian_w_8000_n_50.ONT_R1041_Dorado_DEC_2024.v1.1.0.tsv
NA19377,"['s3://human-pangenomics/working/HPRC/NA19377/raw_data/nanopore/dorado0.6.0_sup4.3.0_5mCG_5hmCG/10_17_23_R1041_HPRC_NA19377_2_dorado0.6.0_sup4.3.0_5mCG_5hmCG.bam', 's3://human-pangenomics/working/HPRC/NA19377/raw_data/nanopore/dorado0.6.0_sup4.3.0_5mCG_5hmCG/10_17_23_R1041_HPRC_NA19377_3_dorado0.6.0_sup4.3.0_5mCG_5hmCG.bam', 's3://human-pangenomics/working/HPRC/NA19377/raw_data/nanopore/dorado0.6.0_sup4.3.0_5mCG_5hmCG/10_17_23_R1041_HPRC_NA19377_1_dorado0.6.0_sup4.3.0_5mCG_5hmCG.bam']",3,58.97,21,lr:hqae,25,"['s3://human-pangenomics/working/HPRC/NA19377/raw_data/nanopore/dorado0.6.0_sup4.3.0_5mCG_5hmCG/10_17_23_R1041_HPRC_NA19377_1_dorado0.6.0_sup4.3.0_5mCG_5hmCG.bam', 's3://human-pangenomics/working/HPRC/NA19377/raw_data/nanopore/dorado0.6.0_sup4.3.0_5mCG_5hmCG/10_17_23_R1041_HPRC_NA19377_2_dorado0.6.0_sup4.3.0_5mCG_5hmCG.bam', 's3://human-pangenomics/working/HPRC/NA19377/raw_data/nanopore/dorado0.6.0_sup4.3.0_5mCG_5hmCG/10_17_23_R1041_HPRC_NA19377_3_dorado0.6.0_sup4.3.0_5mCG_5hmCG.bam']",3,58.97,"[15.57, 22.15, 21.25]",21,R1041,8000,https://raw.githubusercontent.com/mobinasri/flagger/refs/heads/main/misc/alpha_tsv/ONT_R1041_Dorado/alpha_optimum_trunc_exp_gaussian_w_8000_n_50.ONT_R1041_Dorado_DEC_2024.v1.1.0.tsv
NA19390,"['s3://human-pangenomics/working/HPRC/NA19390/raw_data/nanopore/dorado0.6.0_sup4.3.0_5mCG_5hmCG/11_7_23_R1041_HPRC_NA19390_3_dorado0.6.0_sup4.3.0_5mCG_5hmCG.bam', 's3://human-pangenomics/working/HPRC/NA19390/raw_data/nanopore/dorado0.6.0_sup4.3.0_5mCG_5hmCG/11_7_23_R1041_HPRC_NA19390_1_dorado0.6.0_sup4.3.0_5mCG_5hmCG.bam', 's3://human-pangenomics/working/HPRC/NA19390/raw_data/nanopore/dorado0.6.0_sup4.3.0_5mCG_5hmCG/11_7_23_R1041_HPRC_NA19390_2_dorado0.6.0_sup4.3.0_5mCG_5hmCG.bam']",3,65.79,21,lr:hqae,25,"['s3://human-pangenomics/working/HPRC/NA19390/raw_data/nanopore/dorado0.6.0_sup4.3.0_5mCG_5hmCG/11_7_23_R1041_HPRC_NA19390_2_dorado0.6.0_sup4.3.0_5mCG_5hmCG.bam', 's3://human-pangenomics/working/HPRC/NA19390/raw_data/nanopore/dorado0.6.0_sup4.3.0_5mCG_5hmCG/11_7_23_R1041_HPRC_NA19390_3_dorado0.6.0_sup4.3.0_5mCG_5hmCG.bam', 's3://human-pangenomics/working/HPRC/NA19390/raw_data/nanopore/dorado0.6.0_sup4.3.0_5mCG_5hmCG/11_7_23_R1041_HPRC_NA19390_1_dorado0.6.0_sup4.3.0_5mCG_5hmCG.bam']",3,65.79,"[21.32, 22.6, 21.87]",21,R1041,8000,https://raw.githubusercontent.com/mobinasri/flagger/refs/heads/main/misc/alpha_tsv/ONT_R1041_Dorado/alpha_optimum_trunc_exp_gaussian_w_8000_n_50.ONT_R1041_Dorado_DEC_2024.v1.1.0.tsv
NA19443,"['s3://human-pangenomics/working/HPRC/NA19443/raw_data/nanopore/dorado0.6.0_sup4.3.0_5mCG_5hmCG/01_23_24_R1041_HPRC_NA19443_2_dorado0.6.0_sup4.3.0_5mCG_5hmCG.bam', 's3://human-pangenomics/working/HPRC/NA19443/raw_data/nanopore/dorado0.6.0_sup4.3.0_5mCG_5hmCG/01_23_24_R1041_HPRC_NA19443_1_dorado0.6.0_sup4.3.0_5mCG_5hmCG.bam', 's3://human-pangenomics/working/HPRC/NA19443/raw_data/nanopore/dorado0.6.0_sup4.3.0_5mCG_5hmCG/12_12_23_R1041_HPRC_NA19443_1_dorado0.6.0_sup4.3.0_5mCG_5hmCG.bam', 's3://human-pangenomics/working/HPRC/NA19443/raw_data/nanopore/dorado0.6.0_sup4.3.0_5mCG_5hmCG/12_12_23_R1041_HPRC_NA19443_2_dorado0.6.0_sup4.3.0_5mCG_5hmCG.bam']",4,61.12,16,lr:hqae,25,"['s3://human-pangenomics/working/HPRC/NA19443/raw_data/nanopore/dorado0.6.0_sup4.3.0_5mCG_5hmCG/12_12_23_R1041_HPRC_NA19443_3_dorado0.6.0_sup4.3.0_5mCG_5hmCG.bam', 's3://human-pangenomics/working/HPRC/NA19443/raw_data/nanopore/dorado0.6.0_sup4.3.0_5mCG_5hmCG/01_23_24_R1041_HPRC_NA19443_2_dorado0.6.0_sup4.3.0_5mCG_5hmCG.bam', 's3://human-pangenomics/working/HPRC/NA19443/raw_data/nanopore/dorado0.6.0_sup4.3.0_5mCG_5hmCG/12_12_23_R1041_HPRC_NA19443_2_dorado0.6.0_sup4.3.0_5mCG_5hmCG.bam', 's3://human-pangenomics/working/HPRC/NA19443/raw_data/nanopore/dorado0.6.0_sup4.3.0_5mCG_5hmCG/01_23_24_R1041_HPRC_NA19443_1_dorado0.6.0_sup4.3.0_5mCG_5hmCG.bam', 's3://human-pangenomics/working/HPRC/NA19443/raw_data/nanopore/dorado0.6.0_sup4.3.0_5mCG_5hmCG/12_12_23_R1041_HPRC_NA19443_1_dorado0.6.0_sup4.3.0_5mCG_5hmCG.bam']",5,69.85,"[8.73, 21.44, 10.32, 18.0, 11.36]",12,R1041,8000,https://raw.githubusercontent.com/mobinasri/flagger/refs/heads/main/misc/alpha_tsv/ONT_R1041_Dorado/alpha_optimum_trunc_exp_gaussian_w_8000_n_50.ONT_R1041_Dorado_DEC_2024.v1.1.0.tsv
NA19682,"['s3://human-pangenomics/working/HPRC/NA19682/raw_data/nanopore/dorado0.6.0_sup4.3.0_5mCG_5hmCG/11_28_23_R1041_HPRC_NA19682_1_dorado0.6.0_sup4.3.0_5mCG_5hmCG.bam', 's3://human-pangenomics/working/HPRC/NA19682/raw_data/nanopore/dorado0.6.0_sup4.3.0_5mCG_5hmCG/11_28_23_R1041_HPRC_NA19682_3_dorado0.6.0_sup4.3.0_5mCG_5hmCG.bam', 's3://human-pangenomics/working/HPRC/NA19682/raw_data/nanopore/dorado0.6.0_sup4.3.0_5mCG_5hmCG/11_28_23_R1041_HPRC_NA19682_4_dorado0.6.0_sup4.3.0_5mCG_5hmCG.bam']",3,77.48,21,lr:hqae,25,"['s3://human-pangenomics/working/HPRC/NA19682/raw_data/nanopore/dorado0.6.0_sup4.3.0_5mCG_5hmCG/11_28_23_R1041_HPRC_NA19682_4_dorado0.6.0_sup4.3.0_5mCG_5hmCG.bam', 's3://human-pangenomics/working/HPRC/NA19682/raw_data/nanopore/dorado0.6.0_sup4.3.0_5mCG_5hmCG/11_28_23_R1041_HPRC_NA19682_1_dorado0.6.0_sup4.3.0_5mCG_5hmCG.bam', 's3://human-pangenomics/working/HPRC/NA19682/raw_data/nanopore/dorado0.6.0_sup4.3.0_5mCG_5hmCG/11_28_23_R1041_HPRC_NA19682_3_dorado0.6.0_sup4.3.0_5mCG_5hmCG.bam', 's3://human-pangenomics/working/HPRC/NA19682/raw_data/nanopore/dorado0.6.0_sup4.3.0_5mCG_5hmCG/11_28_23_R1041_HPRC_NA19682_2_dorado0.6.0_sup4.3.0_5mCG_5hmCG.bam']",4,86.82,"[18.46, 31.36, 27.66, 9.34]",16,R1041,8000,https://raw.githubusercontent.com/mobinasri/flagger/refs/heads/main/misc/alpha_tsv/ONT_R1041_Dorado/alpha_optimum_trunc_exp_gaussian_w_8000_n_50.ONT_R1041_Dorado_DEC_2024.v1.1.0.tsv
NA19700,"['s3://human-pangenomics/working/HPRC/NA19700/raw_data/nanopore/dorado0.6.0_sup4.3.0_5mCG_5hmCG/01_23_24_R1041_HPRC_NA19700_1_dorado0.6.0_sup4.3.0_5mCG_5hmCG.bam', 's3://human-pangenomics/working/HPRC/NA19700/raw_data/nanopore/dorado0.6.0_sup4.3.0_5mCG_5hmCG/01_23_24_R1041_HPRC_NA19700_2_dorado0.6.0_sup4.3.0_5mCG_5hmCG.bam', 's3://human-pangenomics/working/HPRC/NA19700/raw_data/nanopore/dorado0.6.0_sup4.3.0_5mCG_5hmCG/09_12_23_R1041_HPRC_NA19700_4_dorado0.6.0_sup4.3.0_5mCG_5hmCG.bam', 's3://human-pangenomics/working/HPRC/NA19700/raw_data/nanopore/dorado0.6.0_sup4.3.0_5mCG_5hmCG/09_12_23_R1041_HPRC_NA19700_2_dorado0.6.0_sup4.3.0_5mCG_5hmCG.bam', 's3://human-pangenomics/working/HPRC/NA19700/raw_data/nanopore/dorado0.6.0_sup4.3.0_5mCG_5hmCG/09_12_23_R1041_HPRC_NA19700_3_dorado0.6.0_sup4.3.0_5mCG_5hmCG.bam', 's3://human-pangenomics/working/HPRC/NA19700/raw_data/nanopore/dorado0.6.0_sup4.3.0_5mCG_5hmCG/09_12_23_R1041_HPRC_NA19700_1_dorado0.6.0_sup4.3.0_5mCG_5hmCG.bam']",6,61.7,10,lr:hqae,25,"['s3://human-pangenomics/working/HPRC/NA19700/raw_data/nanopore/dorado0.6.0_sup4.3.0_5mCG_5hmCG/09_12_23_R1041_HPRC_NA19700_3_dorado0.6.0_sup4.3.0_5mCG_5hmCG.bam', 's3://human-pangenomics/working/HPRC/NA19700/raw_data/nanopore/dorado0.6.0_sup4.3.0_5mCG_5hmCG/09_12_23_R1041_HPRC_NA19700_2_dorado0.6.0_sup4.3.0_5mCG_5hmCG.bam', 's3://human-pangenomics/working/HPRC/NA19700/raw_data/nanopore/dorado0.6.0_sup4.3.0_5mCG_5hmCG/01_23_24_R1041_HPRC_NA19700_1_dorado0.6.0_sup4.3.0_5mCG_5hmCG.bam', 's3://human-pangenomics/working/HPRC/NA19700/raw_data/nanopore/dorado0.6.0_sup4.3.0_5mCG_5hmCG/09_12_23_R1041_HPRC_NA19700_4_dorado0.6.0_sup4.3.0_5mCG_5hmCG.bam', 's3://human-pangenomics/working/HPRC/NA19700/raw_data/nanopore/dorado0.6.0_sup4.3.0_5mCG_5hmCG/09_12_23_R1041_HPRC_NA19700_1_dorado0.6.0_sup4.3.0_5mCG_5hmCG.bam', 's3://human-pangenomics/working/HPRC/NA19700/raw_data/nanopore/dorado0.6.0_sup4.3.0_5mCG_5hmCG/01_23_24_R1041_HPRC_NA19700_2_dorado0.6.0_sup4.3.0_5mCG_5hmCG.bam']",6,61.7,"[7.87, 8.02, 16.09, 10.59, 3.27, 15.86]",10,R1041,8000,https://raw.githubusercontent.com/mobinasri/flagger/refs/heads/main/misc/alpha_tsv/ONT_R1041_Dorado/alpha_optimum_trunc_exp_gaussian_w_8000_n_50.ONT_R1041_Dorado_DEC_2024.v1.1.0.tsv
NA19703,"['s3://human-pangenomics/working/HPRC/NA19703/raw_data/nanopore/dorado0.6.0_sup4.3.0_5mCG_5hmCG/09_06_23_R1041_HPRC_NA19703_2_dorado0.6.0_sup4.3.0_5mCG_5hmCG.bam', 's3://human-pangenomics/working/HPRC/NA19703/raw_data/nanopore/dorado0.6.0_sup4.3.0_5mCG_5hmCG/09_06_23_R1041_HPRC_NA19703_1_dorado0.6.0_sup4.3.0_5mCG_5hmCG.bam', 's3://human-pangenomics/working/HPRC/NA19703/raw_data/nanopore/dorado0.6.0_sup4.3.0_5mCG_5hmCG/09_06_23_R1041_HPRC_NA19703_3_dorado0.6.0_sup4.3.0_5mCG_5hmCG.bam']",3,75.09,21,lr:hqae,25,"['s3://human-pangenomics/working/HPRC/NA19703/raw_data/nanopore/dorado0.6.0_sup4.3.0_5mCG_5hmCG/09_06_23_R1041_HPRC_NA19703_2_dorado0.6.0_sup4.3.0_5mCG_5hmCG.bam', 's3://human-pangenomics/working/HPRC/NA19703/raw_data/nanopore/dorado0.6.0_sup4.3.0_5mCG_5hmCG/09_06_23_R1041_HPRC_NA19703_3_dorado0.6.0_sup4.3.0_5mCG_5hmCG.bam', 's3://human-pangenomics/working/HPRC/NA19703/raw_data/nanopore/dorado0.6.0_sup4.3.0_5mCG_5hmCG/09_06_23_R1041_HPRC_NA19703_1_dorado0.6.0_sup4.3.0_5mCG_5hmCG.bam']",3,75.09,"[27.88, 22.81, 24.4]",21,R1041,8000,https://raw.githubusercontent.com/mobinasri/flagger/refs/heads/main/misc/alpha_tsv/ONT_R1041_Dorado/alpha_optimum_trunc_exp_gaussian_w_8000_n_50.ONT_R1041_Dorado_DEC_2024.v1.1.0.tsv
NA19776,"['s3://human-pangenomics/working/HPRC/NA19776/raw_data/nanopore/dorado0.6.0_sup4.3.0_5mCG_5hmCG/10_24_23_R1041_HPRC_NA19776_1_dorado0.6.0_sup4.3.0_5mCG_5hmCG.bam', 's3://human-pangenomics/working/HPRC/NA19776/raw_data/nanopore/dorado0.6.0_sup4.3.0_5mCG_5hmCG/10_24_23_R1041_HPRC_NA19776_2_dorado0.6.0_sup4.3.0_5mCG_5hmCG.bam']",2,61.9,32,lr:hqae,25,"['s3://human-pangenomics/working/HPRC/NA19776/raw_data/nanopore/dorado0.6.0_sup4.3.0_5mCG_5hmCG/10_24_23_R1041_HPRC_NA19776_1_dorado0.6.0_sup4.3.0_5mCG_5hmCG.bam', 's3://human-pangenomics/working/HPRC/NA19776/raw_data/nanopore/dorado0.6.0_sup4.3.0_5mCG_5hmCG/10_24_23_R1041_HPRC_NA19776_2_dorado0.6.0_sup4.3.0_5mCG_5hmCG.bam', 's3://human-pangenomics/working/HPRC/NA19776/raw_data/nanopore/dorado0.6.0_sup4.3.0_5mCG_5hmCG/10_24_23_R1041_HPRC_NA19776_3_dorado0.6.0_sup4.3.0_5mCG_5hmCG.bam']",3,90.67,"[31.98, 29.92, 28.77]",21,R1041,8000,https://raw.githubusercontent.com/mobinasri/flagger/refs/heads/main/misc/alpha_tsv/ONT_R1041_Dorado/alpha_optimum_trunc_exp_gaussian_w_8000_n_50.ONT_R1041_Dorado_DEC_2024.v1.1.0.tsv
NA19834,"['s3://human-pangenomics/working/HPRC/NA19834/raw_data/nanopore/dorado0.6.0_sup4.3.0_5mCG_5hmCG/08_08_23_R1041_HPRC_NA19834_3_dorado0.6.0_sup4.3.0_5mCG_5hmCG.bam', 's3://human-pangenomics/working/HPRC/NA19834/raw_data/nanopore/dorado0.6.0_sup4.3.0_5mCG_5hmCG/08_08_23_R1041_HPRC_NA19834_1_dorado0.6.0_sup4.3.0_5mCG_5hmCG.bam', 's3://human-pangenomics/working/HPRC/NA19834/raw_data/nanopore/dorado0.6.0_sup4.3.0_5mCG_5hmCG/08_08_23_R1041_HPRC_NA19834_2_dorado0.6.0_sup4.3.0_5mCG_5hmCG.bam']",3,58.34,21,lr:hqae,25,"['s3://human-pangenomics/working/HPRC/NA19834/raw_data/nanopore/dorado0.6.0_sup4.3.0_5mCG_5hmCG/08_08_23_R1041_HPRC_NA19834_3_dorado0.6.0_sup4.3.0_5mCG_5hmCG.bam', 's3://human-pangenomics/working/HPRC/NA19834/raw_data/nanopore/dorado0.6.0_sup4.3.0_5mCG_5hmCG/08_08_23_R1041_HPRC_NA19834_2_dorado0.6.0_sup4.3.0_5mCG_5hmCG.bam', 's3://human-pangenomics/working/HPRC/NA19834/raw_data/nanopore/dorado0.6.0_sup4.3.0_5mCG_5hmCG/08_08_23_R1041_HPRC_NA19834_1_dorado0.6.0_sup4.3.0_5mCG_5hmCG.bam']",3,58.34,"[19.63, 19.28, 19.43]",21,R1041,8000,https://raw.githubusercontent.com/mobinasri/flagger/refs/heads/main/misc/alpha_tsv/ONT_R1041_Dorado/alpha_optimum_trunc_exp_gaussian_w_8000_n_50.ONT_R1041_Dorado_DEC_2024.v1.1.0.tsv
NA19835,"['s3://human-pangenomics/working/HPRC/NA19835/raw_data/nanopore/dorado0.6.0_sup4.3.0_5mCG_5hmCG/10_31_23_R1041_HPRC_NA19835_1_dorado0.6.0_sup4.3.0_5mCG_5hmCG.bam', 's3://human-pangenomics/working/HPRC/NA19835/raw_data/nanopore/dorado0.6.0_sup4.3.0_5mCG_5hmCG/10_31_23_R1041_HPRC_NA19835_2_dorado0.6.0_sup4.3.0_5mCG_5hmCG.bam', 's3://human-pangenomics/working/HPRC/NA19835/raw_data/nanopore/dorado0.6.0_sup4.3.0_5mCG_5hmCG/10_31_23_R1041_HPRC_NA19835_3_dorado0.6.0_sup4.3.0_5mCG_5hmCG.bam']",3,82.96,21,lr:hqae,25,"['s3://human-pangenomics/working/HPRC/NA19835/raw_data/nanopore/dorado0.6.0_sup4.3.0_5mCG_5hmCG/10_31_23_R1041_HPRC_NA19835_3_dorado0.6.0_sup4.3.0_5mCG_5hmCG.bam', 's3://human-pangenomics/working/HPRC/NA19835/raw_data/nanopore/dorado0.6.0_sup4.3.0_5mCG_5hmCG/10_31_23_R1041_HPRC_NA19835_2_dorado0.6.0_sup4.3.0_5mCG_5hmCG.bam', 's3://human-pangenomics/working/HPRC/NA19835/raw_data/nanopore/dorado0.6.0_sup4.3.0_5mCG_5hmCG/10_31_23_R1041_HPRC_NA19835_1_dorado0.6.0_sup4.3.0_5mCG_5hmCG.bam']",3,82.96,"[25.09, 25.75, 32.12]",21,R1041,8000,https://raw.githubusercontent.com/mobinasri/flagger/refs/heads/main/misc/alpha_tsv/ONT_R1041_Dorado/alpha_optimum_trunc_exp_gaussian_w_8000_n_50.ONT_R1041_Dorado_DEC_2024.v1.1.0.tsv
NA19909,"['s3://human-pangenomics/working/HPRC/NA19909/raw_data/nanopore/dorado0.6.0_sup4.3.0_5mCG_5hmCG/11_14_23_R1041_HPRC_NA19909_3_dorado0.6.0_sup4.3.0_5mCG_5hmCG.bam', 's3://human-pangenomics/working/HPRC/NA19909/raw_data/nanopore/dorado0.6.0_sup4.3.0_5mCG_5hmCG/11_14_23_R1041_HPRC_NA19909_1_dorado0.6.0_sup4.3.0_5mCG_5hmCG.bam', 's3://human-pangenomics/working/HPRC/NA19909/raw_data/nanopore/dorado0.6.0_sup4.3.0_5mCG_5hmCG/11_14_23_R1041_HPRC_NA19909_2_dorado0.6.0_sup4.3.0_5mCG_5hmCG.bam']",3,79.87,21,lr:hqae,25,"['s3://human-pangenomics/working/HPRC/NA19909/raw_data/nanopore/dorado0.6.0_sup4.3.0_5mCG_5hmCG/11_14_23_R1041_HPRC_NA19909_2_dorado0.6.0_sup4.3.0_5mCG_5hmCG.bam', 's3://human-pangenomics/working/HPRC/NA19909/raw_data/nanopore/dorado0.6.0_sup4.3.0_5mCG_5hmCG/11_14_23_R1041_HPRC_NA19909_3_dorado0.6.0_sup4.3.0_5mCG_5hmCG.bam', 's3://human-pangenomics/working/HPRC/NA19909/raw_data/nanopore/dorado0.6.0_sup4.3.0_5mCG_5hmCG/11_14_23_R1041_HPRC_NA19909_1_dorado0.6.0_sup4.3.0_5mCG_5hmCG.bam']",3,79.87,"[24.66, 28.6, 26.61]",21,R1041,8000,https://raw.githubusercontent.com/mobinasri/flagger/refs/heads/main/misc/alpha_tsv/ONT_R1041_Dorado/alpha_optimum_trunc_exp_gaussian_w_8000_n_50.ONT_R1041_Dorado_DEC_2024.v1.1.0.tsv
NA20282,"['s3://human-pangenomics/working/HPRC/NA20282/raw_data/nanopore/dorado0.6.0_sup4.3.0_5mCG_5hmCG/12_12_23_R1041_HPRC_NA20282_1_dorado0.6.0_sup4.3.0_5mCG_5hmCG.bam', 's3://human-pangenomics/working/HPRC/NA20282/raw_data/nanopore/dorado0.6.0_sup4.3.0_5mCG_5hmCG/12_12_23_R1041_HPRC_NA20282_3_dorado0.6.0_sup4.3.0_5mCG_5hmCG.bam', 's3://human-pangenomics/working/HPRC/NA20282/raw_data/nanopore/dorado0.6.0_sup4.3.0_5mCG_5hmCG/12_12_23_R1041_HPRC_NA20282_2_dorado0.6.0_sup4.3.0_5mCG_5hmCG.bam']",3,68.4,21,lr:hqae,25,"['s3://human-pangenomics/working/HPRC/NA20282/raw_data/nanopore/dorado0.6.0_sup4.3.0_5mCG_5hmCG/12_12_23_R1041_HPRC_NA20282_3_dorado0.6.0_sup4.3.0_5mCG_5hmCG.bam', 's3://human-pangenomics/working/HPRC/NA20282/raw_data/nanopore/dorado0.6.0_sup4.3.0_5mCG_5hmCG/12_12_23_R1041_HPRC_NA20282_2_dorado0.6.0_sup4.3.0_5mCG_5hmCG.bam', 's3://human-pangenomics/working/HPRC/NA20282/raw_data/nanopore/dorado0.6.0_sup4.3.0_5mCG_5hmCG/12_12_23_R1041_HPRC_NA20282_1_dorado0.6.0_sup4.3.0_5mCG_5hmCG.bam']",3,68.4,"[22.21, 19.57, 26.62]",21,R1041,8000,https://raw.githubusercontent.com/mobinasri/flagger/refs/heads/main/misc/alpha_tsv/ONT_R1041_Dorado/alpha_optimum_trunc_exp_gaussian_w_8000_n_50.ONT_R1041_Dorado_DEC_2024.v1.1.0.tsv
NA20287,"['s3://human-pangenomics/working/HPRC/NA20287/raw_data/nanopore/dorado0.6.0_sup4.3.0_5mCG_5hmCG/11_7_23_R1041_HPRC_NA20287_3_dorado0.6.0_sup4.3.0_5mCG_5hmCG.bam', 's3://human-pangenomics/working/HPRC/NA20287/raw_data/nanopore/dorado0.6.0_sup4.3.0_5mCG_5hmCG/11_7_23_R1041_HPRC_NA20287_2_dorado0.6.0_sup4.3.0_5mCG_5hmCG.bam', 's3://human-pangenomics/working/HPRC/NA20287/raw_data/nanopore/dorado0.6.0_sup4.3.0_5mCG_5hmCG/11_7_23_R1041_HPRC_NA20287_1_dorado0.6.0_sup4.3.0_5mCG_5hmCG.bam']",3,54.36,21,lr:hqae,25,"['s3://human-pangenomics/working/HPRC/NA20287/raw_data/nanopore/dorado0.6.0_sup4.3.0_5mCG_5hmCG/11_7_23_R1041_HPRC_NA20287_1_dorado0.6.0_sup4.3.0_5mCG_5hmCG.bam', 's3://human-pangenomics/working/HPRC/NA20287/raw_data/nanopore/dorado0.6.0_sup4.3.0_5mCG_5hmCG/11_7_23_R1041_HPRC_NA20287_3_dorado0.6.0_sup4.3.0_5mCG_5hmCG.bam', 's3://human-pangenomics/working/HPRC/NA20287/raw_data/nanopore/dorado0.6.0_sup4.3.0_5mCG_5hmCG/11_7_23_R1041_HPRC_NA20287_2_dorado0.6.0_sup4.3.0_5mCG_5hmCG.bam']",3,54.36,"[17.44, 19.32, 17.6]",21,R1041,8000,https://raw.githubusercontent.com/mobinasri/flagger/refs/heads/main/misc/alpha_tsv/ONT_R1041_Dorado/alpha_optimum_trunc_exp_gaussian_w_8000_n_50.ONT_R1041_Dorado_DEC_2024.v1.1.0.tsv
NA20346,"['s3://human-pangenomics/working/HPRC/NA20346/raw_data/nanopore/dorado0.6.0_sup4.3.0_5mCG_5hmCG/11_28_23_R1041_HPRC_NA20346_3_dorado0.6.0_sup4.3.0_5mCG_5hmCG.bam', 's3://human-pangenomics/working/HPRC/NA20346/raw_data/nanopore/dorado0.6.0_sup4.3.0_5mCG_5hmCG/11_28_23_R1041_HPRC_NA20346_2_dorado0.6.0_sup4.3.0_5mCG_5hmCG.bam']",2,60.02,32,lr:hqae,25,"['s3://human-pangenomics/working/HPRC/NA20346/raw_data/nanopore/dorado0.6.0_sup4.3.0_5mCG_5hmCG/11_28_23_R1041_HPRC_NA20346_2_dorado0.6.0_sup4.3.0_5mCG_5hmCG.bam', 's3://human-pangenomics/working/HPRC/NA20346/raw_data/nanopore/dorado0.6.0_sup4.3.0_5mCG_5hmCG/11_28_23_R1041_HPRC_NA20346_3_dorado0.6.0_sup4.3.0_5mCG_5hmCG.bam', 's3://human-pangenomics/working/HPRC/NA20346/raw_data/nanopore/dorado0.6.0_sup4.3.0_5mCG_5hmCG/11_28_23_R1041_HPRC_NA20346_1_dorado0.6.0_sup4.3.0_5mCG_5hmCG.bam', 's3://human-pangenomics/working/HPRC/NA20346/raw_data/nanopore/dorado0.6.0_sup4.3.0_5mCG_5hmCG/11_28_23_R1041_HPRC_NA20346_4_dorado0.6.0_sup4.3.0_5mCG_5hmCG.bam']",4,87.35,"[29.86, 30.16, 10.88, 16.45]",16,R1041,8000,https://raw.githubusercontent.com/mobinasri/flagger/refs/heads/main/misc/alpha_tsv/ONT_R1041_Dorado/alpha_optimum_trunc_exp_gaussian_w_8000_n_50.ONT_R1041_Dorado_DEC_2024.v1.1.0.tsv
NA20503,"['s3://human-pangenomics/working/HPRC/NA20503/raw_data/nanopore/dorado0.6.0_sup4.3.0_5mCG_5hmCG/12_12_23_R1041_HPRC_NA20503_2_dorado0.6.0_sup4.3.0_5mCG_5hmCG.bam', 's3://human-pangenomics/working/HPRC/NA20503/raw_data/nanopore/dorado0.6.0_sup4.3.0_5mCG_5hmCG/12_12_23_R1041_HPRC_NA20503_1_dorado0.6.0_sup4.3.0_5mCG_5hmCG.bam', 's3://human-pangenomics/working/HPRC/NA20503/raw_data/nanopore/dorado0.6.0_sup4.3.0_5mCG_5hmCG/12_12_23_R1041_HPRC_NA20503_3_dorado0.6.0_sup4.3.0_5mCG_5hmCG.bam']",3,63.22,21,lr:hqae,25,"['s3://human-pangenomics/working/HPRC/NA20503/raw_data/nanopore/dorado0.6.0_sup4.3.0_5mCG_5hmCG/12_12_23_R1041_HPRC_NA20503_1_dorado0.6.0_sup4.3.0_5mCG_5hmCG.bam', 's3://human-pangenomics/working/HPRC/NA20503/raw_data/nanopore/dorado0.6.0_sup4.3.0_5mCG_5hmCG/12_12_23_R1041_HPRC_NA20503_3_dorado0.6.0_sup4.3.0_5mCG_5hmCG.bam', 's3://human-pangenomics/working/HPRC/NA20503/raw_data/nanopore/dorado0.6.0_sup4.3.0_5mCG_5hmCG/12_12_23_R1041_HPRC_NA20503_2_dorado0.6.0_sup4.3.0_5mCG_5hmCG.bam']",3,63.22,"[21.8, 19.42, 22.0]",21,R1041,8000,https://raw.githubusercontent.com/mobinasri/flagger/refs/heads/main/misc/alpha_tsv/ONT_R1041_Dorado/alpha_optimum_trunc_exp_gaussian_w_8000_n_50.ONT_R1041_Dorado_DEC_2024.v1.1.0.tsv
NA20762,"['s3://human-pangenomics/working/HPRC/NA20762/raw_data/nanopore/dorado0.6.0_sup4.3.0_5mCG_5hmCG/01_23_24_R1041_HPRC_NA20762_1_dorado0.6.0_sup4.3.0_5mCG_5hmCG.bam', 's3://human-pangenomics/working/HPRC/NA20762/raw_data/nanopore/dorado0.6.0_sup4.3.0_5mCG_5hmCG/01_23_24_R1041_HPRC_NA20762_2_dorado0.6.0_sup4.3.0_5mCG_5hmCG.bam', 's3://human-pangenomics/working/HPRC/NA20762/raw_data/nanopore/dorado0.6.0_sup4.3.0_5mCG_5hmCG/10_31_23_R1041_HPRC_NA20762_2_dorado0.6.0_sup4.3.0_5mCG_5hmCG.bam', 's3://human-pangenomics/working/HPRC/NA20762/raw_data/nanopore/dorado0.6.0_sup4.3.0_5mCG_5hmCG/10_31_23_R1041_HPRC_NA20762_3_dorado0.6.0_sup4.3.0_5mCG_5hmCG.bam']",4,67.89,16,lr:hqae,25,"['s3://human-pangenomics/working/HPRC/NA20762/raw_data/nanopore/dorado0.6.0_sup4.3.0_5mCG_5hmCG/01_23_24_R1041_HPRC_NA20762_2_dorado0.6.0_sup4.3.0_5mCG_5hmCG.bam', 's3://human-pangenomics/working/HPRC/NA20762/raw_data/nanopore/dorado0.6.0_sup4.3.0_5mCG_5hmCG/10_31_23_R1041_HPRC_NA20762_1_dorado0.6.0_sup4.3.0_5mCG_5hmCG.bam', 's3://human-pangenomics/working/HPRC/NA20762/raw_data/nanopore/dorado0.6.0_sup4.3.0_5mCG_5hmCG/10_31_23_R1041_HPRC_NA20762_3_dorado0.6.0_sup4.3.0_5mCG_5hmCG.bam', 's3://human-pangenomics/working/HPRC/NA20762/raw_data/nanopore/dorado0.6.0_sup4.3.0_5mCG_5hmCG/01_23_24_R1041_HPRC_NA20762_1_dorado0.6.0_sup4.3.0_5mCG_5hmCG.bam', 's3://human-pangenomics/working/HPRC/NA20762/raw_data/nanopore/dorado0.6.0_sup4.3.0_5mCG_5hmCG/10_31_23_R1041_HPRC_NA20762_2_dorado0.6.0_sup4.3.0_5mCG_5hmCG.bam']",5,75.05,"[25.39, 7.16, 7.94, 26.01, 8.55]",12,R1041,8000,https://raw.githubusercontent.com/mobinasri/flagger/refs/heads/main/misc/alpha_tsv/ONT_R1041_Dorado/alpha_optimum_trunc_exp_gaussian_w_8000_n_50.ONT_R1041_Dorado_DEC_2024.v1.1.0.tsv
NA20806,"['s3://human-pangenomics/working/HPRC/NA20806/raw_data/nanopore/dorado0.6.0_sup4.3.0_5mCG_5hmCG/12_12_23_R1041_HPRC_NA20806_1_dorado0.6.0_sup4.3.0_5mCG_5hmCG.bam', 's3://human-pangenomics/working/HPRC/NA20806/raw_data/nanopore/dorado0.6.0_sup4.3.0_5mCG_5hmCG/12_12_23_R1041_HPRC_NA20806_3_dorado0.6.0_sup4.3.0_5mCG_5hmCG.bam', 's3://human-pangenomics/working/HPRC/NA20806/raw_data/nanopore/dorado0.6.0_sup4.3.0_5mCG_5hmCG/12_12_23_R1041_HPRC_NA20806_4_dorado0.6.0_sup4.3.0_5mCG_5hmCG.bam']",3,80.22,21,lr:hqae,25,"['s3://human-pangenomics/working/HPRC/NA20806/raw_data/nanopore/dorado0.6.0_sup4.3.0_5mCG_5hmCG/12_12_23_R1041_HPRC_NA20806_1_dorado0.6.0_sup4.3.0_5mCG_5hmCG.bam', 's3://human-pangenomics/working/HPRC/NA20806/raw_data/nanopore/dorado0.6.0_sup4.3.0_5mCG_5hmCG/12_12_23_R1041_HPRC_NA20806_4_dorado0.6.0_sup4.3.0_5mCG_5hmCG.bam', 's3://human-pangenomics/working/HPRC/NA20806/raw_data/nanopore/dorado0.6.0_sup4.3.0_5mCG_5hmCG/12_12_23_R1041_HPRC_NA20806_2_dorado0.6.0_sup4.3.0_5mCG_5hmCG.bam', 's3://human-pangenomics/working/HPRC/NA20806/raw_data/nanopore/dorado0.6.0_sup4.3.0_5mCG_5hmCG/12_12_23_R1041_HPRC_NA20806_3_dorado0.6.0_sup4.3.0_5mCG_5hmCG.bam']",4,95.54,"[29.73, 22.78, 15.32, 27.71]",16,R1041,8000,https://raw.githubusercontent.com/mobinasri/flagger/refs/heads/main/misc/alpha_tsv/ONT_R1041_Dorado/alpha_optimum_trunc_exp_gaussian_w_8000_n_50.ONT_R1041_Dorado_DEC_2024.v1.1.0.tsv
NA20809,"['s3://human-pangenomics/working/HPRC/NA20809/raw_data/nanopore/dorado0.6.0_sup4.3.0_5mCG_5hmCG/08_08_23_R1041_HPRC_NA20809_2_dorado0.6.0_sup4.3.0_5mCG_5hmCG.bam', 's3://human-pangenomics/working/HPRC/NA20809/raw_data/nanopore/dorado0.6.0_sup4.3.0_5mCG_5hmCG/08_08_23_R1041_HPRC_NA20809_1_dorado0.6.0_sup4.3.0_5mCG_5hmCG.bam', 's3://human-pangenomics/working/HPRC/NA20809/raw_data/nanopore/dorado0.6.0_sup4.3.0_5mCG_5hmCG/08_08_23_R1041_HPRC_NA20809_3_dorado0.6.0_sup4.3.0_5mCG_5hmCG.bam']",3,69.93,21,lr:hqae,25,"['s3://human-pangenomics/working/HPRC/NA20809/raw_data/nanopore/dorado0.6.0_sup4.3.0_5mCG_5hmCG/08_08_23_R1041_HPRC_NA20809_3_dorado0.6.0_sup4.3.0_5mCG_5hmCG.bam', 's3://human-pangenomics/working/HPRC/NA20809/raw_data/nanopore/dorado0.6.0_sup4.3.0_5mCG_5hmCG/08_08_23_R1041_HPRC_NA20809_2_dorado0.6.0_sup4.3.0_5mCG_5hmCG.bam', 's3://human-pangenomics/working/HPRC/NA20809/raw_data/nanopore/dorado0.6.0_sup4.3.0_5mCG_5hmCG/08_08_23_R1041_HPRC_NA20809_1_dorado0.6.0_sup4.3.0_5mCG_5hmCG.bam']",3,69.93,"[20.29, 25.89, 23.75]",21,R1041,8000,https://raw.githubusercontent.com/mobinasri/flagger/refs/heads/main/misc/alpha_tsv/ONT_R1041_Dorado/alpha_optimum_trunc_exp_gaussian_w_8000_n_50.ONT_R1041_Dorado_DEC_2024.v1.1.0.tsv
NA20818,"['s3://human-pangenomics/working/HPRC/NA20818/raw_data/nanopore/dorado0.6.0_sup4.3.0_5mCG_5hmCG/09_12_23_R1041_HPRC_NA20818_2_dorado0.6.0_sup4.3.0_5mCG_5hmCG.bam', 's3://human-pangenomics/working/HPRC/NA20818/raw_data/nanopore/dorado0.6.0_sup4.3.0_5mCG_5hmCG/09_12_23_R1041_HPRC_NA20818_3_dorado0.6.0_sup4.3.0_5mCG_5hmCG.bam', 's3://human-pangenomics/working/HPRC/NA20818/raw_data/nanopore/dorado0.6.0_sup4.3.0_5mCG_5hmCG/09_12_23_R1041_HPRC_NA20818_1_dorado0.6.0_sup4.3.0_5mCG_5hmCG.bam']",3,84.25,21,lr:hqae,25,"['s3://human-pangenomics/working/HPRC/NA20818/raw_data/nanopore/dorado0.6.0_sup4.3.0_5mCG_5hmCG/09_12_23_R1041_HPRC_NA20818_3_dorado0.6.0_sup4.3.0_5mCG_5hmCG.bam', 's3://human-pangenomics/working/HPRC/NA20818/raw_data/nanopore/dorado0.6.0_sup4.3.0_5mCG_5hmCG/09_12_23_R1041_HPRC_NA20818_2_dorado0.6.0_sup4.3.0_5mCG_5hmCG.bam', 's3://human-pangenomics/working/HPRC/NA20818/raw_data/nanopore/dorado0.6.0_sup4.3.0_5mCG_5hmCG/09_12_23_R1041_HPRC_NA20818_1_dorado0.6.0_sup4.3.0_5mCG_5hmCG.bam']",3,84.25,"[27.4, 30.54, 26.31]",21,R1041,8000,https://raw.githubusercontent.com/mobinasri/flagger/refs/heads/main/misc/alpha_tsv/ONT_R1041_Dorado/alpha_optimum_trunc_exp_gaussian_w_8000_n_50.ONT_R1041_Dorado_DEC_2024.v1.1.0.tsv
NA20827,"['s3://human-pangenomics/working/HPRC/NA20827/raw_data/nanopore/dorado0.6.0_sup4.3.0_5mCG_5hmCG/11_28_23_R1041_HPRC_NA20827_1_dorado0.6.0_sup4.3.0_5mCG_5hmCG.bam', 's3://human-pangenomics/working/HPRC/NA20827/raw_data/nanopore/dorado0.6.0_sup4.3.0_5mCG_5hmCG/01_23_24_R1041_HPRC_NA20827_2_dorado0.6.0_sup4.3.0_5mCG_5hmCG.bam', 's3://human-pangenomics/working/HPRC/NA20827/raw_data/nanopore/dorado0.6.0_sup4.3.0_5mCG_5hmCG/11_28_23_R1041_HPRC_NA20827_2_dorado0.6.0_sup4.3.0_5mCG_5hmCG.bam', 's3://human-pangenomics/working/HPRC/NA20827/raw_data/nanopore/dorado0.6.0_sup4.3.0_5mCG_5hmCG/01_23_24_R1041_HPRC_NA20827_1_dorado0.6.0_sup4.3.0_5mCG_5hmCG.bam']",4,75.76,16,lr:hqae,25,"['s3://human-pangenomics/working/HPRC/NA20827/raw_data/nanopore/dorado0.6.0_sup4.3.0_5mCG_5hmCG/11_28_23_R1041_HPRC_NA20827_2_dorado0.6.0_sup4.3.0_5mCG_5hmCG.bam', 's3://human-pangenomics/working/HPRC/NA20827/raw_data/nanopore/dorado0.6.0_sup4.3.0_5mCG_5hmCG/01_23_24_R1041_HPRC_NA20827_1_dorado0.6.0_sup4.3.0_5mCG_5hmCG.bam', 's3://human-pangenomics/working/HPRC/NA20827/raw_data/nanopore/dorado0.6.0_sup4.3.0_5mCG_5hmCG/11_28_23_R1041_HPRC_NA20827_3_dorado0.6.0_sup4.3.0_5mCG_5hmCG.bam', 's3://human-pangenomics/working/HPRC/NA20827/raw_data/nanopore/dorado0.6.0_sup4.3.0_5mCG_5hmCG/11_28_23_R1041_HPRC_NA20827_1_dorado0.6.0_sup4.3.0_5mCG_5hmCG.bam', 's3://human-pangenomics/working/HPRC/NA20827/raw_data/nanopore/dorado0.6.0_sup4.3.0_5mCG_5hmCG/01_23_24_R1041_HPRC_NA20827_2_dorado0.6.0_sup4.3.0_5mCG_5hmCG.bam']",5,84.63,"[18.95, 15.83, 8.87, 21.56, 19.42]",12,R1041,8000,https://raw.githubusercontent.com/mobinasri/flagger/refs/heads/main/misc/alpha_tsv/ONT_R1041_Dorado/alpha_optimum_trunc_exp_gaussian_w_8000_n_50.ONT_R1041_Dorado_DEC_2024.v1.1.0.tsv
NA20850,"['s3://human-pangenomics/working/HPRC/NA20850/raw_data/nanopore/dorado0.6.0_sup4.3.0_5mCG_5hmCG/08_08_23_R1041_HPRC_NA20850_3_dorado0.6.0_sup4.3.0_5mCG_5hmCG.bam', 's3://human-pangenomics/working/HPRC/NA20850/raw_data/nanopore/dorado0.6.0_sup4.3.0_5mCG_5hmCG/08_08_23_R1041_HPRC_NA20850_2_dorado0.6.0_sup4.3.0_5mCG_5hmCG.bam', 's3://human-pangenomics/working/HPRC/NA20850/raw_data/nanopore/dorado0.6.0_sup4.3.0_5mCG_5hmCG/08_08_23_R1041_HPRC_NA20850_1_dorado0.6.0_sup4.3.0_5mCG_5hmCG.bam']",3,63.95,21,lr:hqae,25,"['s3://human-pangenomics/working/HPRC/NA20850/raw_data/nanopore/dorado0.6.0_sup4.3.0_5mCG_5hmCG/08_08_23_R1041_HPRC_NA20850_1_dorado0.6.0_sup4.3.0_5mCG_5hmCG.bam', 's3://human-pangenomics/working/HPRC/NA20850/raw_data/nanopore/dorado0.6.0_sup4.3.0_5mCG_5hmCG/08_08_23_R1041_HPRC_NA20850_2_dorado0.6.0_sup4.3.0_5mCG_5hmCG.bam', 's3://human-pangenomics/working/HPRC/NA20850/raw_data/nanopore/dorado0.6.0_sup4.3.0_5mCG_5hmCG/08_08_23_R1041_HPRC_NA20850_3_dorado0.6.0_sup4.3.0_5mCG_5hmCG.bam']",3,63.95,"[20.76, 20.89, 22.3]",21,R1041,8000,https://raw.githubusercontent.com/mobinasri/flagger/refs/heads/main/misc/alpha_tsv/ONT_R1041_Dorado/alpha_optimum_trunc_exp_gaussian_w_8000_n_50.ONT_R1041_Dorado_DEC_2024.v1.1.0.tsv
NA20870,"['s3://human-pangenomics/working/HPRC/NA20870/raw_data/nanopore/dorado0.6.0_sup4.3.0_5mCG_5hmCG/11_14_23_R1041_HPRC_NA20870_1_dorado0.6.0_sup4.3.0_5mCG_5hmCG.bam', 's3://human-pangenomics/working/HPRC/NA20870/raw_data/nanopore/dorado0.6.0_sup4.3.0_5mCG_5hmCG/11_14_23_R1041_HPRC_NA20870_3_dorado0.6.0_sup4.3.0_5mCG_5hmCG.bam', 's3://human-pangenomics/working/HPRC/NA20870/raw_data/nanopore/dorado0.6.0_sup4.3.0_5mCG_5hmCG/11_14_23_R1041_HPRC_NA20870_2_dorado0.6.0_sup4.3.0_5mCG_5hmCG.bam']",3,79.27,21,lr:hqae,25,"['s3://human-pangenomics/working/HPRC/NA20870/raw_data/nanopore/dorado0.6.0_sup4.3.0_5mCG_5hmCG/11_14_23_R1041_HPRC_NA20870_1_dorado0.6.0_sup4.3.0_5mCG_5hmCG.bam', 's3://human-pangenomics/working/HPRC/NA20870/raw_data/nanopore/dorado0.6.0_sup4.3.0_5mCG_5hmCG/11_14_23_R1041_HPRC_NA20870_3_dorado0.6.0_sup4.3.0_5mCG_5hmCG.bam', 's3://human-pangenomics/working/HPRC/NA20870/raw_data/nanopore/dorado0.6.0_sup4.3.0_5mCG_5hmCG/11_14_23_R1041_HPRC_NA20870_2_dorado0.6.0_sup4.3.0_5mCG_5hmCG.bam']",3,79.27,"[28.34, 28.15, 22.78]",21,R1041,8000,https://raw.githubusercontent.com/mobinasri/flagger/refs/heads/main/misc/alpha_tsv/ONT_R1041_Dorado/alpha_optimum_trunc_exp_gaussian_w_8000_n_50.ONT_R1041_Dorado_DEC_2024.v1.1.0.tsv
NA21093,"['s3://human-pangenomics/working/HPRC/NA21093/raw_data/nanopore/dorado0.6.0_sup4.3.0_5mCG_5hmCG/12_12_23_R1041_HPRC_NA21093_2_dorado0.6.0_sup4.3.0_5mCG_5hmCG.bam', 's3://human-pangenomics/working/HPRC/NA21093/raw_data/nanopore/dorado0.6.0_sup4.3.0_5mCG_5hmCG/01_23_24_R1041_HPRC_NA21093_1_dorado0.6.0_sup4.3.0_5mCG_5hmCG.bam', 's3://human-pangenomics/working/HPRC/NA21093/raw_data/nanopore/dorado0.6.0_sup4.3.0_5mCG_5hmCG/12_12_23_R1041_HPRC_NA21093_1_dorado0.6.0_sup4.3.0_5mCG_5hmCG.bam']",3,79.52,21,lr:hqae,25,"['s3://human-pangenomics/working/HPRC/NA21093/raw_data/nanopore/dorado0.6.0_sup4.3.0_5mCG_5hmCG/12_12_23_R1041_HPRC_NA21093_3_dorado0.6.0_sup4.3.0_5mCG_5hmCG.bam', 's3://human-pangenomics/working/HPRC/NA21093/raw_data/nanopore/dorado0.6.0_sup4.3.0_5mCG_5hmCG/12_12_23_R1041_HPRC_NA21093_2_dorado0.6.0_sup4.3.0_5mCG_5hmCG.bam', 's3://human-pangenomics/working/HPRC/NA21093/raw_data/nanopore/dorado0.6.0_sup4.3.0_5mCG_5hmCG/12_12_23_R1041_HPRC_NA21093_1_dorado0.6.0_sup4.3.0_5mCG_5hmCG.bam', 's3://human-pangenomics/working/HPRC/NA21093/raw_data/nanopore/dorado0.6.0_sup4.3.0_5mCG_5hmCG/01_23_24_R1041_HPRC_NA21093_1_dorado0.6.0_sup4.3.0_5mCG_5hmCG.bam']",4,96.55,"[17.03, 28.97, 24.21, 26.34]",16,R1041,8000,https://raw.githubusercontent.com/mobinasri/flagger/refs/heads/main/misc/alpha_tsv/ONT_R1041_Dorado/alpha_optimum_trunc_exp_gaussian_w_8000_n_50.ONT_R1041_Dorado_DEC_2024.v1.1.0.tsv
NA21101,"['s3://human-pangenomics/working/HPRC/NA21101/raw_data/nanopore/dorado0.6.0_sup4.3.0_5mCG_5hmCG/10_10_23_R1041_HPRC_NA21101_1_dorado0.6.0_sup4.3.0_5mCG_5hmCG.bam', 's3://human-pangenomics/working/HPRC/NA21101/raw_data/nanopore/dorado0.6.0_sup4.3.0_5mCG_5hmCG/10_10_23_R1041_HPRC_NA21101_2_dorado0.6.0_sup4.3.0_5mCG_5hmCG.bam', 's3://human-pangenomics/working/HPRC/NA21101/raw_data/nanopore/dorado0.6.0_sup4.3.0_5mCG_5hmCG/10_10_23_R1041_HPRC_NA21101_3_dorado0.6.0_sup4.3.0_5mCG_5hmCG.bam']",3,65.89,21,lr:hqae,25,"['s3://human-pangenomics/working/HPRC/NA21101/raw_data/nanopore/dorado0.6.0_sup4.3.0_5mCG_5hmCG/10_10_23_R1041_HPRC_NA21101_2_dorado0.6.0_sup4.3.0_5mCG_5hmCG.bam', 's3://human-pangenomics/working/HPRC/NA21101/raw_data/nanopore/dorado0.6.0_sup4.3.0_5mCG_5hmCG/10_10_23_R1041_HPRC_NA21101_3_dorado0.6.0_sup4.3.0_5mCG_5hmCG.bam', 's3://human-pangenomics/working/HPRC/NA21101/raw_data/nanopore/dorado0.6.0_sup4.3.0_5mCG_5hmCG/10_10_23_R1041_HPRC_NA21101_1_dorado0.6.0_sup4.3.0_5mCG_5hmCG.bam']",3,65.89,"[21.92, 21.22, 22.75]",21,R1041,8000,https://raw.githubusercontent.com/mobinasri/flagger/refs/heads/main/misc/alpha_tsv/ONT_R1041_Dorado/alpha_optimum_trunc_exp_gaussian_w_8000_n_50.ONT_R1041_Dorado_DEC_2024.v1.1.0.tsv
NA21102,"['s3://human-pangenomics/working/HPRC/NA21102/raw_data/nanopore/dorado0.6.0_sup4.3.0_5mCG_5hmCG/01_23_24_R1041_HPRC_NA21102_1_dorado0.6.0_sup4.3.0_5mCG_5hmCG.bam', 's3://human-pangenomics/working/HPRC/NA21102/raw_data/nanopore/dorado0.6.0_sup4.3.0_5mCG_5hmCG/01_23_24_R1041_HPRC_NA21102_2_dorado0.6.0_sup4.3.0_5mCG_5hmCG.bam', 's3://human-pangenomics/working/HPRC/NA21102/raw_data/nanopore/dorado0.6.0_sup4.3.0_5mCG_5hmCG/10_17_23_R1041_HPRC_NA21102_3_dorado0.6.0_sup4.3.0_5mCG_5hmCG.bam', 's3://human-pangenomics/working/HPRC/NA21102/raw_data/nanopore/dorado0.6.0_sup4.3.0_5mCG_5hmCG/10_17_23_R1041_HPRC_NA21102_1_dorado0.6.0_sup4.3.0_5mCG_5hmCG.bam', 's3://human-pangenomics/working/HPRC/NA21102/raw_data/nanopore/dorado0.6.0_sup4.3.0_5mCG_5hmCG/10_17_23_R1041_HPRC_NA21102_2_dorado0.6.0_sup4.3.0_5mCG_5hmCG.bam']",5,59.78,12,lr:hqae,25,"['s3://human-pangenomics/working/HPRC/NA21102/raw_data/nanopore/dorado0.6.0_sup4.3.0_5mCG_5hmCG/01_23_24_R1041_HPRC_NA21102_2_dorado0.6.0_sup4.3.0_5mCG_5hmCG.bam', 's3://human-pangenomics/working/HPRC/NA21102/raw_data/nanopore/dorado0.6.0_sup4.3.0_5mCG_5hmCG/10_17_23_R1041_HPRC_NA21102_1_dorado0.6.0_sup4.3.0_5mCG_5hmCG.bam', 's3://human-pangenomics/working/HPRC/NA21102/raw_data/nanopore/dorado0.6.0_sup4.3.0_5mCG_5hmCG/01_23_24_R1041_HPRC_NA21102_1_dorado0.6.0_sup4.3.0_5mCG_5hmCG.bam', 's3://human-pangenomics/working/HPRC/NA21102/raw_data/nanopore/dorado0.6.0_sup4.3.0_5mCG_5hmCG/10_17_23_R1041_HPRC_NA21102_3_dorado0.6.0_sup4.3.0_5mCG_5hmCG.bam', 's3://human-pangenomics/working/HPRC/NA21102/raw_data/nanopore/dorado0.6.0_sup4.3.0_5mCG_5hmCG/10_17_23_R1041_HPRC_NA21102_2_dorado0.6.0_sup4.3.0_5mCG_5hmCG.bam']",5,59.78,"[17.81, 7.47, 18.45, 9.12, 6.93]",12,R1041,8000,https://raw.githubusercontent.com/mobinasri/flagger/refs/heads/main/misc/alpha_tsv/ONT_R1041_Dorado/alpha_optimum_trunc_exp_gaussian_w_8000_n_50.ONT_R1041_Dorado_DEC_2024.v1.1.0.tsv
NA21106,"['s3://human-pangenomics/working/HPRC/NA21106/raw_data/nanopore/dorado0.6.0_sup4.3.0_5mCG_5hmCG/10_24_23_R1041_HPRC_NA21106_3_dorado0.6.0_sup4.3.0_5mCG_5hmCG.bam', 's3://human-pangenomics/working/HPRC/NA21106/raw_data/nanopore/dorado0.6.0_sup4.3.0_5mCG_5hmCG/10_24_23_R1041_HPRC_NA21106_2_dorado0.6.0_sup4.3.0_5mCG_5hmCG.bam', 's3://human-pangenomics/working/HPRC/NA21106/raw_data/nanopore/dorado0.6.0_sup4.3.0_5mCG_5hmCG/10_24_23_R1041_HPRC_NA21106_1_dorado0.6.0_sup4.3.0_5mCG_5hmCG.bam']",3,72.34,21,lr:hqae,25,"['s3://human-pangenomics/working/HPRC/NA21106/raw_data/nanopore/dorado0.6.0_sup4.3.0_5mCG_5hmCG/10_24_23_R1041_HPRC_NA21106_1_dorado0.6.0_sup4.3.0_5mCG_5hmCG.bam', 's3://human-pangenomics/working/HPRC/NA21106/raw_data/nanopore/dorado0.6.0_sup4.3.0_5mCG_5hmCG/10_24_23_R1041_HPRC_NA21106_4_dorado0.6.0_sup4.3.0_5mCG_5hmCG.bam', 's3://human-pangenomics/working/HPRC/NA21106/raw_data/nanopore/dorado0.6.0_sup4.3.0_5mCG_5hmCG/10_24_23_R1041_HPRC_NA21106_2_dorado0.6.0_sup4.3.0_5mCG_5hmCG.bam', 's3://human-pangenomics/working/HPRC/NA21106/raw_data/nanopore/dorado0.6.0_sup4.3.0_5mCG_5hmCG/10_24_23_R1041_HPRC_NA21106_3_dorado0.6.0_sup4.3.0_5mCG_5hmCG.bam']",4,77.66,"[20.94, 5.32, 24.08, 27.32]",16,R1041,8000,https://raw.githubusercontent.com/mobinasri/flagger/refs/heads/main/misc/alpha_tsv/ONT_R1041_Dorado/alpha_optimum_trunc_exp_gaussian_w_8000_n_50.ONT_R1041_Dorado_DEC_2024.v1.1.0.tsv
NA21110,"['s3://human-pangenomics/working/HPRC/NA21110/raw_data/nanopore/dorado0.6.0_sup4.3.0_5mCG_5hmCG/01_16_24_R1041_HPRC_NA21110_2_dorado0.6.0_sup4.3.0_5mCG_5hmCG.bam', 's3://human-pangenomics/working/HPRC/NA21110/raw_data/nanopore/dorado0.6.0_sup4.3.0_5mCG_5hmCG/01_16_24_R1041_HPRC_NA21110_1_dorado0.6.0_sup4.3.0_5mCG_5hmCG.bam', 's3://human-pangenomics/working/HPRC/NA21110/raw_data/nanopore/dorado0.6.0_sup4.3.0_5mCG_5hmCG/01_16_24_R1041_HPRC_NA21110_3_dorado0.6.0_sup4.3.0_5mCG_5hmCG.bam']",3,80.92,21,lr:hqae,25,"['s3://human-pangenomics/working/HPRC/NA21110/raw_data/nanopore/dorado0.6.0_sup4.3.0_5mCG_5hmCG/01_16_24_R1041_HPRC_NA21110_1_dorado0.6.0_sup4.3.0_5mCG_5hmCG.bam', 's3://human-pangenomics/working/HPRC/NA21110/raw_data/nanopore/dorado0.6.0_sup4.3.0_5mCG_5hmCG/01_16_24_R1041_HPRC_NA21110_3_dorado0.6.0_sup4.3.0_5mCG_5hmCG.bam', 's3://human-pangenomics/working/HPRC/NA21110/raw_data/nanopore/dorado0.6.0_sup4.3.0_5mCG_5hmCG/01_16_24_R1041_HPRC_NA21110_2_dorado0.6.0_sup4.3.0_5mCG_5hmCG.bam']",3,80.92,"[26.17, 24.74, 30.01]",21,R1041,8000,https://raw.githubusercontent.com/mobinasri/flagger/refs/heads/main/misc/alpha_tsv/ONT_R1041_Dorado/alpha_optimum_trunc_exp_gaussian_w_8000_n_50.ONT_R1041_Dorado_DEC_2024.v1.1.0.tsv
NA21144,"['s3://human-pangenomics/working/HPRC/NA21144/raw_data/nanopore/dorado0.6.0_sup4.3.0_5mCG_5hmCG/01_23_24_R1041_HPRC_NA21144_1_dorado0.6.0_sup4.3.0_5mCG_5hmCG.bam', 's3://human-pangenomics/working/HPRC/NA21144/raw_data/nanopore/dorado0.6.0_sup4.3.0_5mCG_5hmCG/01_23_24_R1041_HPRC_NA21144_2_dorado0.6.0_sup4.3.0_5mCG_5hmCG.bam', 's3://human-pangenomics/working/HPRC/NA21144/raw_data/nanopore/dorado0.6.0_sup4.3.0_5mCG_5hmCG/12_05_23_R1041_HPRC_NA21144_2_dorado0.6.0_sup4.3.0_5mCG_5hmCG.bam', 's3://human-pangenomics/working/HPRC/NA21144/raw_data/nanopore/dorado0.6.0_sup4.3.0_5mCG_5hmCG/12_05_23_R1041_HPRC_NA21144_3_dorado0.6.0_sup4.3.0_5mCG_5hmCG.bam']",4,68.91,16,lr:hqae,25,"['s3://human-pangenomics/working/HPRC/NA21144/raw_data/nanopore/dorado0.6.0_sup4.3.0_5mCG_5hmCG/12_05_23_R1041_HPRC_NA21144_1_dorado0.6.0_sup4.3.0_5mCG_5hmCG.bam', 's3://human-pangenomics/working/HPRC/NA21144/raw_data/nanopore/dorado0.6.0_sup4.3.0_5mCG_5hmCG/01_23_24_R1041_HPRC_NA21144_1_dorado0.6.0_sup4.3.0_5mCG_5hmCG.bam', 's3://human-pangenomics/working/HPRC/NA21144/raw_data/nanopore/dorado0.6.0_sup4.3.0_5mCG_5hmCG/12_05_23_R1041_HPRC_NA21144_2_dorado0.6.0_sup4.3.0_5mCG_5hmCG.bam', 's3://human-pangenomics/working/HPRC/NA21144/raw_data/nanopore/dorado0.6.0_sup4.3.0_5mCG_5hmCG/01_23_24_R1041_HPRC_NA21144_2_dorado0.6.0_sup4.3.0_5mCG_5hmCG.bam', 's3://human-pangenomics/working/HPRC/NA21144/raw_data/nanopore/dorado0.6.0_sup4.3.0_5mCG_5hmCG/12_05_23_R1041_HPRC_NA21144_3_dorado0.6.0_sup4.3.0_5mCG_5hmCG.bam']",5,79.03,"[10.12, 21.7, 13.14, 21.67, 12.4]",12,R1041,8000,https://raw.githubusercontent.com/mobinasri/flagger/refs/heads/main/misc/alpha_tsv/ONT_R1041_Dorado/alpha_optimum_trunc_exp_gaussian_w_8000_n_50.ONT_R1041_Dorado_DEC_2024.v1.1.0.tsv
